0 0.6259765625 0.6533203125 0.208984375 0.361328125
0 0.17578125 0.73046875 0.048828125 0.0703125
0 0.189453125 0.78515625 0.03125 0.048828125
0 0.236328125 0.8740234375 0.03515625 0.052734375
0 0.744140625 0.97265625 0.0546875 0.0546875
0 0.740234375 0.185546875 0.03515625 0.0546875
0 0.8896484375 0.7900390625 0.044921875 0.068359375
0 0.87109375 0.765625 0.01953125 0.02734375
0 0.7587890625 0.4267578125 0.029296875 0.04296875
0 0.294921875 0.212890625 0.03515625 0.052734375
0 0.064453125 0.3193359375 0.0390625 0.064453125
0 0.1669921875 0.3759765625 0.02734375 0.0390625
0 0.064453125 0.6484375 0.021484375 0.033203125
0 0.1171875 0.81640625 0.0234375 0.033203125
0 0.111328125 0.86328125 0.01953125 0.03125
0 0.423828125 0.1708984375 0.025390625 0.033203125
0 0.8486328125 0.0712890625 0.03515625 0.0390625
0 0.2158203125 0.15234375 0.0234375 0.033203125
0 0.1142578125 0.10546875 0.025390625 0.03515625
0 0.080078125 0.1181640625 0.0234375 0.03125
0 0.3251953125 0.119140625 0.029296875 0.048828125
0 0.19921875 0.2119140625 0.01953125 0.033203125
0 0.0888671875 0.755859375 0.01953125 0.025390625
0 0.103515625 0.744140625 0.015625 0.025390625
0 0.083984375 0.7822265625 0.015625 0.021484375
0 0.064453125 0.099609375 0.0078125 0.025390625
0 0.2724609375 0.025390625 0.015625 0.025390625
0 0.1875 0.05078125 0.017578125 0.02734375
0 0.1513671875 0.0244140625 0.01953125 0.029296875
0 0.080078125 0.375 0.017578125 0.02734375
0 0.0166015625 0.376953125 0.01171875 0.041015625
0 0.0859375 0.3544921875 0.021484375 0.03125
0 0.1435546875 0.4658203125 0.02734375 0.044921875
0 0.0869140625 0.498046875 0.0234375 0.0390625
0 0.2470703125 0.447265625 0.021484375 0.033203125
0 0.1337890625 0.5791015625 0.017578125 0.025390625
0 0.2763671875 0.83203125 0.021484375 0.03515625
0 0.4267578125 0.53515625 0.021484375 0.029296875
0 0.4921875 0.5830078125 0.021484375 0.03125
0 0.021484375 0.8369140625 0.017578125 0.021484375
0 0.046875 0.5849609375 0.013671875 0.021484375
0 0.0732421875 0.552734375 0.021484375 0.025390625
0 0.0634765625 0.501953125 0.015625 0.021484375
0 0.3427734375 0.2119140625 0.015625 0.021484375
0 0.1650390625 0.0732421875 0.013671875 0.01953125
0 0.0966796875 0.0546875 0.013671875 0.01953125
0 0.43359375 0.015625 0.021484375 0.02734375
0 0.431640625 0.0927734375 0.021484375 0.03125
0 0.5517578125 0.1015625 0.01953125 0.029296875
0 0.318359375 0.6083984375 0.013671875 0.025390625
0 0.4111328125 0.564453125 0.015625 0.02734375
0 0.4111328125 0.8759765625 0.015625 0.0234375
0 0.392578125 0.87890625 0.015625 0.021484375
0 0.330078125 0.9443359375 0.015625 0.025390625
0 0.40234375 0.64453125 0.015625 0.025390625
0 0.505859375 0.3232421875 0.021484375 0.02734375
0 0.509765625 0.345703125 0.015625 0.02734375
0 0.5703125 0.1875 0.021484375 0.029296875
0 0.5859375 0.2294921875 0.01953125 0.033203125
0 0.623046875 0.2421875 0.0234375 0.03515625
0 0.5927734375 0.3349609375 0.017578125 0.0234375
0 0.5986328125 0.259765625 0.017578125 0.029296875
0 0.51953125 0.4140625 0.029296875 0.033203125
0 0.6787109375 0.3310546875 0.017578125 0.025390625
0 0.7041015625 0.3369140625 0.017578125 0.025390625
0 0.7138671875 0.353515625 0.013671875 0.025390625
0 0.7431640625 0.287109375 0.03125 0.0390625
0 0.669921875 0.2822265625 0.015625 0.021484375
0 0.712890625 0.080078125 0.025390625 0.0390625
0 0.6904296875 0.03125 0.0234375 0.013671875
0 0.6259765625 0.01953125 0.013671875 0.01171875
0 0.8173828125 0.0947265625 0.021484375 0.033203125
0 0.8125 0.3388671875 0.0234375 0.03125
0 0.7646484375 0.59765625 0.02734375 0.03515625
0 0.8046875 0.5986328125 0.01953125 0.02734375
0 0.814453125 0.6259765625 0.021484375 0.03125
0 0.69140625 0.8759765625 0.01953125 0.03125
0 0.736328125 0.8955078125 0.021484375 0.037109375
0 0.681640625 0.9580078125 0.01953125 0.025390625
0 0.654296875 0.990234375 0.0234375 0.01953125
0 0.794921875 0.98828125 0.01953125 0.0234375
0 0.88671875 0.6923828125 0.021484375 0.03125
0 0.84375 0.6572265625 0.017578125 0.021484375
0 0.876953125 0.3984375 0.021484375 0.02734375
0 0.9208984375 0.453125 0.01953125 0.03125
0 0.9541015625 0.1279296875 0.015625 0.021484375
0 0.99609375 0.1220703125 0.0078125 0.021484375
0 0.8544921875 0.298828125 0.015625 0.025390625