0 0.373046875 0.333984375 0.19921875 0.36328125
0 0.8251953125 0.240234375 0.048828125 0.0703125
0 0.8095703125 0.185546875 0.03125 0.05078125
0 0.7578125 0.09765625 0.033203125 0.052734375
0 0.2412109375 0.0205078125 0.052734375 0.041015625
0 0.2744140625 0.810546875 0.033203125 0.0546875
0 0.1025390625 0.205078125 0.04296875 0.068359375
0 0.1220703125 0.228515625 0.017578125 0.02734375
0 0.2470703125 0.5673828125 0.029296875 0.04296875
0 0.72265625 0.7666015625 0.03515625 0.05078125
0 0.9521484375 0.6513671875 0.037109375 0.064453125
0 0.8466796875 0.59765625 0.025390625 0.0390625
0 0.9404296875 0.3193359375 0.021484375 0.033203125
0 0.8818359375 0.1513671875 0.021484375 0.033203125
0 0.884765625 0.1044921875 0.01953125 0.03125
0 0.59375 0.814453125 0.0234375 0.033203125
0 0.16796875 0.9345703125 0.037109375 0.048828125
0 0.8046875 0.826171875 0.0234375 0.033203125
0 0.9091796875 0.869140625 0.025390625 0.033203125
0 0.943359375 0.85546875 0.0234375 0.033203125
0 0.6953125 0.8623046875 0.029296875 0.046875
0 0.8203125 0.7646484375 0.017578125 0.033203125
0 0.9111328125 0.2119140625 0.01953125 0.025390625
0 0.8974609375 0.22265625 0.015625 0.025390625
0 0.916015625 0.1845703125 0.015625 0.021484375
0 0.7529296875 0.9560546875 0.015625 0.025390625
0 0.8369140625 0.9267578125 0.015625 0.029296875
0 0.875 0.953125 0.017578125 0.029296875
0 0.9345703125 0.595703125 0.017578125 0.02734375
0 0.9287109375 0.6162109375 0.021484375 0.033203125
0 0.8681640625 0.505859375 0.025390625 0.044921875
0 0.9228515625 0.47265625 0.021484375 0.0390625
0 0.76171875 0.529296875 0.021484375 0.033203125
0 0.873046875 0.3916015625 0.017578125 0.025390625
0 0.71875 0.140625 0.021484375 0.03515625
0 0.578125 0.4462890625 0.021484375 0.029296875
0 0.5107421875 0.4013671875 0.021484375 0.03125
0 0.9775390625 0.126953125 0.017578125 0.021484375
0 0.9599609375 0.3828125 0.013671875 0.021484375
0 0.9345703125 0.416015625 0.021484375 0.025390625
0 0.947265625 0.4658203125 0.015625 0.021484375
0 0.673828125 0.7705078125 0.015625 0.021484375
0 0.859375 0.9033203125 0.013671875 0.01953125
0 0.9296875 0.9189453125 0.013671875 0.01953125
0 0.58984375 0.9716796875 0.01953125 0.02734375
0 0.5888671875 0.89453125 0.021484375 0.03125
0 0.466796875 0.8876953125 0.01953125 0.029296875
0 0.685546875 0.3681640625 0.013671875 0.025390625
0 0.5927734375 0.416015625 0.015625 0.029296875
0 0.58203125 0.1025390625 0.015625 0.0234375
0 0.6005859375 0.09765625 0.013671875 0.021484375
0 0.662109375 0.029296875 0.013671875 0.025390625
0 0.599609375 0.333984375 0.015625 0.025390625
0 0.505859375 0.6630859375 0.01953125 0.02734375
0 0.501953125 0.640625 0.015625 0.029296875
0 0.4453125 0.802734375 0.01953125 0.029296875
0 0.427734375 0.759765625 0.01953125 0.033203125
0 0.390625 0.75 0.0234375 0.03515625
0 0.41796875 0.6552734375 0.015625 0.021484375
0 0.4140625 0.73046875 0.015625 0.029296875
0 0.490234375 0.5712890625 0.029296875 0.033203125
0 0.3310546875 0.662109375 0.017578125 0.0234375
0 0.3046875 0.65625 0.017578125 0.0234375
0 0.294921875 0.640625 0.013671875 0.025390625
0 0.267578125 0.7080078125 0.029296875 0.0390625
0 0.3408203125 0.7099609375 0.015625 0.021484375
0 0.3056640625 0.9150390625 0.0234375 0.0390625
0 0.3271484375 0.9697265625 0.025390625 0.0234375
0 0.39453125 0.98046875 0.015625 0.021484375
0 0.19921875 0.904296875 0.021484375 0.033203125
0 0.197265625 0.6572265625 0.021484375 0.03125
0 0.234375 0.3955078125 0.02734375 0.03515625
0 0.1943359375 0.3955078125 0.017578125 0.02734375
0 0.1845703125 0.369140625 0.021484375 0.03125
0 0.298828125 0.1123046875 0.01953125 0.03125
0 0.2529296875 0.0927734375 0.021484375 0.0390625
0 0.3056640625 0.02734375 0.01953125 0.025390625
0 0.189453125 0.0068359375 0.01953125 0.013671875
0 0.107421875 0.3037109375 0.021484375 0.033203125
0 0.15234375 0.337890625 0.015625 0.021484375
0 0.12890625 0.599609375 0.021484375 0.02734375
0 0.08203125 0.546875 0.01953125 0.03125
0 0.0595703125 0.876953125 0.015625 0.0234375
0 0.0126953125 0.8837890625 0.015625 0.0234375
0 0.154296875 0.7001953125 0.015625 0.025390625