0 0.068359375 0.51171875 0.13671875 0.1953125
0 0.1435546875 0.19140625 0.078125 0.103515625
0 0.39453125 0.5048828125 0.119140625 0.19921875
0 0.4013671875 0.3583984375 0.064453125 0.1015625
0 0.4951171875 0.2080078125 0.048828125 0.068359375
0 0.52734375 0.1884765625 0.041015625 0.068359375
0 0.615234375 0.84765625 0.05859375 0.087890625
0 0.65625 0.095703125 0.05078125 0.072265625
0 0.609375 0.3125 0.0390625 0.0546875
0 0.9404296875 0.7724609375 0.068359375 0.095703125
0 0.33984375 0.7958984375 0.029296875 0.0390625
0 0.0673828125 0.98828125 0.029296875 0.0234375
0 0.8564453125 0.2001953125 0.0546875 0.083984375
0 0.828125 0.482421875 0.072265625 0.109375
0 0.8828125 0.2958984375 0.033203125 0.060546875
0 0.7734375 0.0224609375 0.05859375 0.044921875
0 0.8984375 0.1748046875 0.01953125 0.02734375
0 0.95703125 0.2119140625 0.03125 0.04296875
0 0.5703125 0.2685546875 0.0234375 0.03515625
0 0.64453125 0.2734375 0.029296875 0.048828125
0 0.6806640625 0.4677734375 0.025390625 0.03515625
0 0.6396484375 0.5751953125 0.025390625 0.033203125
0 0.658203125 0.626953125 0.025390625 0.03515625
0 0.80859375 0.7919921875 0.03125 0.044921875
0 0.1240234375 0.34375 0.025390625 0.041015625
0 0.16015625 0.6708984375 0.01953125 0.029296875
0 0.1923828125 0.60546875 0.021484375 0.02734375
0 0.1064453125 0.90234375 0.025390625 0.03515625
0 0.1796875 0.6259765625 0.015625 0.0234375
0 0.0654296875 0.927734375 0.015625 0.029296875
0 0.048828125 0.9462890625 0.01171875 0.0234375
0 0.068359375 0.8134765625 0.02734375 0.04296875
0 0.4365234375 0.888671875 0.021484375 0.029296875
0 0.5908203125 0.9599609375 0.029296875 0.033203125
0 0.462890625 0.0341796875 0.021484375 0.029296875
0 0.4580078125 0.009765625 0.017578125 0.017578125
0 0.6416015625 0.1513671875 0.0234375 0.03125
0 0.6669921875 0.2353515625 0.025390625 0.03515625
0 0.6513671875 0.7744140625 0.01953125 0.029296875
0 0.154296875 0.8720703125 0.01953125 0.02734375
0 0.935546875 0.51171875 0.021484375 0.03125
0 0.8837890625 0.5322265625 0.025390625 0.029296875
0 0.8203125 0.5703125 0.013671875 0.021484375
0 0.8017578125 0.548828125 0.013671875 0.01953125
0 0.763671875 0.4990234375 0.017578125 0.025390625
0 0.8828125 0.8134765625 0.033203125 0.046875
0 0.951171875 0.931640625 0.02734375 0.0390625
0 0.923828125 0.625 0.01953125 0.02734375
0 0.603515625 0.53515625 0.015625 0.021484375
0 0.318359375 0.7109375 0.021484375 0.029296875
0 0.4765625 0.962890625 0.013671875 0.021484375
0 0.78125 0.705078125 0.017578125 0.029296875
0 0.8115234375 0.0166015625 0.015625 0.025390625
0 0.8447265625 0.0703125 0.017578125 0.025390625
0 0.7958984375 0.2451171875 0.01953125 0.025390625
0 0.73046875 0.126953125 0.01953125 0.02734375
0 0.5439453125 0.3505859375 0.017578125 0.0234375
0 0.8515625 0.3408203125 0.017578125 0.025390625
0 0.8466796875 0.3759765625 0.021484375 0.03515625
0 0.8330078125 0.353515625 0.013671875 0.025390625
0 0.8369140625 0.32421875 0.021484375 0.029296875
0 0.8369140625 0.26953125 0.025390625 0.04296875
0 0.81640625 0.271484375 0.017578125 0.02734375
0 0.810546875 0.2470703125 0.01171875 0.015625
0 0.740234375 0.2041015625 0.013671875 0.01953125
0 0.56640625 0.142578125 0.015625 0.021484375
0 0.5634765625 0.5087890625 0.017578125 0.021484375
0 0.626953125 0.408203125 0.013671875 0.02734375
0 0.61328125 0.4013671875 0.017578125 0.025390625
0 0.5224609375 0.076171875 0.017578125 0.02734375
0 0.12109375 0.685546875 0.017578125 0.025390625
0 0.2578125 0.521484375 0.017578125 0.017578125
0 0.306640625 0.5341796875 0.021484375 0.0234375
0 0.1259765625 0.7431640625 0.015625 0.021484375
0 0.986328125 0.58203125 0.02734375 0.046875
0 0.91796875 0.4404296875 0.01953125 0.025390625
0 0.9404296875 0.4248046875 0.017578125 0.025390625
0 0.9462890625 0.451171875 0.015625 0.021484375
0 0.9501953125 0.6044921875 0.015625 0.021484375
0 0.5283203125 0.84375 0.0390625 0.056640625
0 0.3857421875 0.8017578125 0.068359375 0.091796875
0 0.279296875 0.734375 0.046875 0.064453125
0 0.34375 0.3134765625 0.015625 0.0234375