0 0.490234375 0.634765625 0.1484375 0.166015625
0 0.50390625 0.271484375 0.177734375 0.197265625
0 0.7255859375 0.5126953125 0.125 0.134765625
0 0.8154296875 0.6123046875 0.095703125 0.109375
0 0.8876953125 0.7451171875 0.09765625 0.1171875
0 0.818359375 0.7451171875 0.0546875 0.095703125
0 0.90234375 0.8525390625 0.095703125 0.095703125
0 0.580078125 0.021484375 0.08984375 0.04296875
0 0.8828125 0.0107421875 0.046875 0.021484375
0 0.34375 0.0908203125 0.12890625 0.15234375
0 0.462890625 0.03125 0.01953125 0.02734375
0 0.9599609375 0.3994140625 0.03125 0.033203125
0 0.98046875 0.6708984375 0.0390625 0.044921875
0 0.921875 0.5693359375 0.025390625 0.029296875
0 0.6796875 0.7177734375 0.068359375 0.07421875
0 0.22265625 0.4599609375 0.099609375 0.109375
0 0.076171875 0.2998046875 0.0546875 0.06640625
0 0.119140625 0.2021484375 0.03515625 0.0390625
0 0.0439453125 0.1572265625 0.033203125 0.041015625
0 0.0146484375 0.1611328125 0.029296875 0.048828125
0 0.013671875 0.0869140625 0.02734375 0.048828125
0 0.3642578125 0.7978515625 0.068359375 0.080078125
0 0.1220703125 0.8388671875 0.029296875 0.03125
0 0.078125 0.845703125 0.0234375 0.029296875
0 0.048828125 0.7900390625 0.025390625 0.03125
0 0.31640625 0.7724609375 0.021484375 0.025390625
0 0.2841796875 0.7744140625 0.01953125 0.0234375
0 0.162109375 0.572265625 0.0234375 0.029296875
0 0.369140625 0.47265625 0.025390625 0.033203125
0 0.37109375 0.322265625 0.0234375 0.03125
0 0.298828125 0.3955078125 0.021484375 0.025390625
0 0.31640625 0.3857421875 0.02734375 0.03125
0 0.3720703125 0.32421875 0.025390625 0.033203125
0 0.3662109375 0.2568359375 0.025390625 0.02734375
0 0.34375 0.1982421875 0.052734375 0.05859375
0 0.27734375 0.2783203125 0.025390625 0.033203125
0 0.306640625 0.2470703125 0.021484375 0.025390625
0 0.8046875 0.884765625 0.041015625 0.04296875
0 0.8388671875 0.8330078125 0.02734375 0.03125
0 0.8232421875 0.9443359375 0.03125 0.033203125
0 0.720703125 0.9150390625 0.025390625 0.029296875
0 0.6376953125 0.873046875 0.01953125 0.02734375
0 0.6044921875 0.8828125 0.044921875 0.0625
0 0.4453125 0.998046875 0.04296875 0.00390625
0 0.3486328125 0.9892578125 0.033203125 0.021484375
0 0.40625 0.9453125 0.0234375 0.029296875
0 0.3486328125 0.94921875 0.025390625 0.025390625
0 0.369140625 0.8515625 0.0234375 0.025390625
0 0.5771484375 0.1396484375 0.203125 0.2421875
0 0.662109375 0.3466796875 0.1484375 0.15234375
0 0.6552734375 0.2587890625 0.087890625 0.095703125
0 0.8203125 0.53515625 0.064453125 0.083984375
0 0.76953125 0.3974609375 0.060546875 0.076171875
0 0.6337890625 0.6025390625 0.02734375 0.0234375
0 0.6142578125 0.505859375 0.01953125 0.025390625
0 0.634765625 0.4453125 0.0234375 0.025390625
0 0.662109375 0.4521484375 0.025390625 0.029296875
0 0.486328125 0.44140625 0.025390625 0.025390625
0 0.5390625 0.427734375 0.025390625 0.02734375
0 0.4482421875 0.4970703125 0.021484375 0.029296875
0 0.4853515625 0.5322265625 0.01953125 0.0234375
0 0.3642578125 0.6826171875 0.0234375 0.025390625
0 0.328125 0.6416015625 0.017578125 0.0234375
0 0.0234375 0.517578125 0.025390625 0.02734375
0 0.1015625 0.1376953125 0.025390625 0.029296875
0 0.2685546875 0.32421875 0.017578125 0.021484375
0 0.25 0.373046875 0.021484375 0.025390625
0 0.3349609375 0.505859375 0.013671875 0.015625
0 0.271484375 0.521484375 0.021484375 0.021484375
0 0.5029296875 0.818359375 0.029296875 0.037109375
0 0.5849609375 0.7021484375 0.03125 0.029296875
0 0.51171875 0.728515625 0.017578125 0.021484375
0 0.6357421875 0.5537109375 0.01953125 0.01953125
0 0.5634765625 0.943359375 0.01953125 0.0234375
0 0.6162109375 0.9716796875 0.037109375 0.037109375
0 0.2197265625 0.736328125 0.0234375 0.025390625
0 0.224609375 0.833984375 0.0234375 0.0234375
0 0.4951171875 0.8564453125 0.013671875 0.015625
0 0.5517578125 0.841796875 0.013671875 0.015625
0 0.431640625 0.892578125 0.021484375 0.0234375
0 0.5068359375 0.869140625 0.01171875 0.013671875
0 0.6064453125 0.751953125 0.01171875 0.015625
0 0.62109375 0.7685546875 0.01171875 0.013671875
0 0.59765625 0.8466796875 0.01171875 0.015625
0 0.466796875 0.876953125 0.017578125 0.01953125
0 0.482421875 0.9052734375 0.01171875 0.015625
0 0.431640625 0.052734375 0.013671875 0.015625
0 0.41015625 0.0810546875 0.015625 0.017578125
0 0.28125 0.09375 0.015625 0.021484375
0 0.224609375 0.3212890625 0.017578125 0.021484375
0 0.1923828125 0.263671875 0.017578125 0.0234375
0 0.1533203125 0.1953125 0.015625 0.01953125
0 0.1220703125 0.681640625 0.015625 0.017578125
0 0.98828125 0.5361328125 0.01171875 0.015625
0 0.98828125 0.88671875 0.017578125 0.017578125
0 0.9482421875 0.7236328125 0.021484375 0.02734375
0 0.978515625 0.7099609375 0.02734375 0.033203125
0 0.771484375 0.716796875 0.021484375 0.0234375
0 0.794921875 0.697265625 0.01953125 0.025390625
0 0.755859375 0.69140625 0.015625 0.017578125
0 0.7265625 0.1884765625 0.015625 0.01953125
0 0.712890625 0.1494140625 0.013671875 0.01953125
0 0.763671875 0.3046875 0.009765625 0.01171875
0 0.798828125 0.23828125 0.013671875 0.015625
0 0.8271484375 0.4150390625 0.017578125 0.021484375
0 0.892578125 0.5400390625 0.017578125 0.01953125
0 0.869140625 0.5751953125 0.017578125 0.021484375
0 0.8798828125 0.5498046875 0.015625 0.0234375
0 0.91015625 0.6806640625 0.029296875 0.037109375