0 0.611328125 0.8603515625 0.193359375 0.2265625
0 0.578125 0.4755859375 0.1044921875 0.1123046875
0 0.7841796875 0.609375 0.1201171875 0.138671875
0 0.9755859375 0.3876953125 0.0478515625 0.2138671875
0 0.7646484375 0.203125 0.0576171875 0.0712890625
0 0.2392578125 0.548828125 0.083984375 0.1337890625
0 0.310546875 0.3798828125 0.0810546875 0.0888671875
0 0.439453125 0.12890625 0.056640625 0.056640625
0 0.5478515625 0.15234375 0.0419921875 0.0498046875
0 0.3857421875 0.130859375 0.0341796875 0.04296875
0 0.1279296875 0.765625 0.0400390625 0.048828125
0 0.27734375 0.8203125 0.0380859375 0.0458984375
0 0.2529296875 0.755859375 0.0302734375 0.03515625
0 0.1494140625 0.56640625 0.01953125 0.0263671875
0 0.125 0.650390625 0.015625 0.017578125
0 0.1845703125 0.615234375 0.017578125 0.021484375
0 0.2939453125 0.646484375 0.0283203125 0.033203125
0 0.3251953125 0.6953125 0.0263671875 0.033203125
0 0.3486328125 0.53515625 0.01953125 0.0234375
0 0.384765625 0.6611328125 0.017578125 0.0224609375
0 0.3330078125 0.734375 0.0185546875 0.0234375
0 0.421875 0.8583984375 0.01953125 0.0234375
0 0.2568359375 0.8544921875 0.015625 0.0244140625
0 0.11328125 0.8662109375 0.0146484375 0.017578125
0 0.16015625 0.201171875 0.013671875 0.017578125
0 0.142578125 0.1630859375 0.0146484375 0.0166015625
0 0.4130859375 0.0244140625 0.0224609375 0.0234375
0 0.4677734375 0.2529296875 0.0302734375 0.0341796875
0 0.384765625 0.1796875 0.015625 0.0185546875
0 0.2294921875 0.427734375 0.029296875 0.0517578125
0 0.712890625 0.361328125 0.1669921875 0.1748046875
0 0.6513671875 0.4013671875 0.029296875 0.0361328125
0 0.7099609375 0.458984375 0.0263671875 0.0322265625
0 0.505859375 0.5263671875 0.0205078125 0.0244140625
0 0.447265625 0.6494140625 0.03125 0.0322265625
0 0.45703125 0.732421875 0.0166015625 0.0224609375
0 0.5205078125 0.7158203125 0.021484375 0.0224609375
0 0.5146484375 0.7958984375 0.017578125 0.0234375
0 0.5654296875 0.7275390625 0.0166015625 0.0205078125
0 0.587890625 0.6201171875 0.015625 0.0244140625
0 0.705078125 0.53125 0.0244140625 0.03515625
0 0.380859375 0.580078125 0.02734375 0.0322265625
0 0.46875 0.34765625 0.03515625 0.0439453125
0 0.6484375 0.1416015625 0.0224609375 0.025390625
0 0.6669921875 0.146484375 0.0146484375 0.0205078125
0 0.6494140625 0.1025390625 0.021484375 0.0234375
0 0.671875 0.06640625 0.0224609375 0.025390625
0 0.7568359375 0.078125 0.0185546875 0.0244140625
0 0.87890625 0.2275390625 0.01953125 0.021484375
0 0.982421875 0.2353515625 0.025390625 0.0390625
0 0.95703125 0.158203125 0.0205078125 0.025390625
0 0.9892578125 0.16796875 0.015625 0.0205078125
0 0.9599609375 0.310546875 0.0126953125 0.0185546875
0 0.890625 0.6103515625 0.025390625 0.0283203125
0 0.908203125 0.5244140625 0.0302734375 0.037109375
0 0.8798828125 0.49609375 0.0166015625 0.017578125
0 0.93359375 0.53515625 0.0146484375 0.017578125
0 0.9140625 0.556640625 0.013671875 0.017578125
0 0.9208984375 0.564453125 0.0166015625 0.0146484375
0 0.9697265625 0.587890625 0.0322265625 0.044921875
0 0.94921875 0.6474609375 0.02734375 0.0361328125
0 0.6513671875 0.6162109375 0.0166015625 0.017578125
0 0.69140625 0.7236328125 0.01171875 0.0185546875
0 0.779296875 0.787109375 0.017578125 0.025390625
0 0.80859375 0.765625 0.0263671875 0.0341796875
0 0.8154296875 0.8095703125 0.0419921875 0.0419921875
0 0.873046875 0.81640625 0.0458984375 0.0556640625
0 0.8974609375 0.7939453125 0.017578125 0.0224609375
0 0.830078125 0.8662109375 0.0205078125 0.0283203125
0 0.8369140625 0.8447265625 0.0126953125 0.017578125
0 0.875 0.958984375 0.021484375 0.0263671875
0 0.896484375 0.9462890625 0.015625 0.0166015625
0 0.984375 0.978515625 0.029296875 0.0390625
0 0.9296875 0.75 0.0576171875 0.0673828125
0 0.9013671875 0.9033203125 0.017578125 0.021484375
0 0.9638671875 0.705078125 0.0341796875 0.0439453125
0 0.98828125 0.787109375 0.0224609375 0.02734375