0 0.4267578125 0.1298828125 0.216796875 0.24609375
0 0.419921875 0.5166015625 0.115234375 0.123046875
0 0.228515625 0.361328125 0.134765625 0.150390625
0 0.025390625 0.5615234375 0.05078125 0.216796875
0 0.2060546875 0.767578125 0.064453125 0.076171875
0 0.7646484375 0.478515625 0.09765625 0.142578125
0 0.67578125 0.6396484375 0.08984375 0.09765625
0 0.521484375 0.875 0.0625 0.0625
0 0.416015625 0.8408203125 0.046875 0.0546875
0 0.5751953125 0.87890625 0.0390625 0.046875
0 0.8974609375 0.2744140625 0.044921875 0.052734375
0 0.7548828125 0.205078125 0.04296875 0.048828125
0 0.7724609375 0.271484375 0.033203125 0.0390625
0 0.85546875 0.470703125 0.021484375 0.02734375
0 0.888671875 0.3896484375 0.017578125 0.01953125
0 0.826171875 0.41796875 0.01953125 0.0234375
0 0.720703125 0.3759765625 0.03125 0.03515625
0 0.6943359375 0.32421875 0.029296875 0.03515625
0 0.654296875 0.48046875 0.021484375 0.025390625
0 0.6318359375 0.3515625 0.01953125 0.0234375
0 0.6904296875 0.2841796875 0.021484375 0.025390625
0 0.615234375 0.1513671875 0.021484375 0.025390625
0 0.779296875 0.1728515625 0.017578125 0.025390625
0 0.9228515625 0.17578125 0.015625 0.01953125
0 0.806640625 0.8330078125 0.015625 0.01953125
0 0.8203125 0.8720703125 0.015625 0.017578125
0 0.537109375 0.982421875 0.025390625 0.025390625
0 0.505859375 0.7490234375 0.033203125 0.037109375
0 0.5810546875 0.8310546875 0.017578125 0.01953125
0 0.76171875 0.6005859375 0.03515625 0.0546875
0 0.2734375 0.615234375 0.18359375 0.19140625
0 0.3388671875 0.58203125 0.033203125 0.0390625
0 0.287109375 0.5185546875 0.029296875 0.03515625
0 0.4970703125 0.4736328125 0.0234375 0.02734375
0 0.568359375 0.3564453125 0.03515625 0.03515625
0 0.5673828125 0.2734375 0.01953125 0.0234375
0 0.501953125 0.283203125 0.0234375 0.025390625
0 0.5166015625 0.2041015625 0.01953125 0.025390625
0 0.458984375 0.2666015625 0.01953125 0.021484375
0 0.4248046875 0.37109375 0.017578125 0.025390625
0 0.298828125 0.447265625 0.02734375 0.037109375
0 0.626953125 0.4326171875 0.03125 0.03515625
0 0.515625 0.654296875 0.0390625 0.046875
0 0.314453125 0.8408203125 0.025390625 0.02734375
0 0.296875 0.833984375 0.017578125 0.021484375
0 0.3095703125 0.8798828125 0.0234375 0.025390625
0 0.2841796875 0.9130859375 0.025390625 0.02734375
0 0.2001953125 0.892578125 0.021484375 0.025390625
0 0.0947265625 0.7314453125 0.021484375 0.0234375
0 0.0029296875 0.7119140625 0.005859375 0.041015625
0 0.0107421875 0.791015625 0.021484375 0.02734375
0 0.0224609375 0.640625 0.013671875 0.01953125
0 0.123046875 0.349609375 0.02734375 0.03125
0 0.0966796875 0.4326171875 0.033203125 0.041015625
0 0.1220703125 0.4638671875 0.017578125 0.01953125
0 0.072265625 0.419921875 0.015625 0.01953125
0 0.09375 0.400390625 0.015625 0.01953125
0 0.087890625 0.3916015625 0.017578125 0.015625
0 0.0419921875 0.36328125 0.037109375 0.048828125
0 0.068359375 0.306640625 0.03125 0.0390625
0 0.361328125 0.3681640625 0.017578125 0.01953125
0 0.3330078125 0.2578125 0.013671875 0.01953125
0 0.251953125 0.185546875 0.01953125 0.02734375
0 0.220703125 0.203125 0.029296875 0.037109375
0 0.21875 0.1591796875 0.046875 0.046875
0 0.162109375 0.146484375 0.05078125 0.060546875
0 0.1357421875 0.166015625 0.01953125 0.0234375
0 0.2099609375 0.1015625 0.0234375 0.03125
0 0.201171875 0.1220703125 0.013671875 0.01953125
0 0.173828125 0.0087890625 0.0234375 0.017578125
0 0.15234375 0.0146484375 0.017578125 0.017578125
0 0.0986328125 0.2060546875 0.064453125 0.072265625
0 0.142578125 0.056640625 0.01953125 0.0234375
0 0.060546875 0.2470703125 0.0390625 0.046875
0 0.0439453125 0.1630859375 0.025390625 0.029296875