0 0.431640625 0.76171875 0.1318359375 0.1513671875
0 0.150390625 0.3515625 0.046875 0.05078125
0 0.107421875 0.263671875 0.029296875 0.0400390625
0 0.619140625 0.3583984375 0.0810546875 0.09375
0 0.66015625 0.41796875 0.01953125 0.0224609375
0 0.63671875 0.31640625 0.01171875 0.0126953125
0 0.654296875 0.3134765625 0.0068359375 0.0068359375
0 0.5927734375 0.32421875 0.0107421875 0.0107421875
0 0.7568359375 0.3046875 0.05078125 0.0517578125
0 0.8349609375 0.43359375 0.0478515625 0.072265625
0 0.9208984375 0.439453125 0.0205078125 0.0234375
0 0.9248046875 0.4814453125 0.0224609375 0.02734375
0 0.9384765625 0.490234375 0.0078125 0.01171875
0 0.69921875 0.75390625 0.103515625 0.107421875
0 0.53515625 0.806640625 0.060546875 0.0791015625
0 0.5478515625 0.6220703125 0.0390625 0.046875
0 0.3037109375 0.1826171875 0.0498046875 0.0576171875
0 0.435546875 0.0654296875 0.046875 0.0576171875
0 0.3828125 0.0703125 0.02734375 0.03515625
0 0.3095703125 0.04296875 0.0546875 0.05859375
0 0.4111328125 0.5341796875 0.0830078125 0.09765625
0 0.4375 0.55859375 0.015625 0.01953125
0 0.55078125 0.4267578125 0.0224609375 0.0283203125
0 0.505859375 0.3916015625 0.015625 0.0234375
0 0.1728515625 0.8798828125 0.0849609375 0.13671875
0 0.1572265625 0.9345703125 0.0263671875 0.02734375
0 0.228515625 0.822265625 0.0390625 0.0517578125
0 0.2158203125 0.7509765625 0.015625 0.0166015625
0 0.0322265625 0.70703125 0.0498046875 0.048828125
0 0.0126953125 0.6533203125 0.025390625 0.068359375
0 0.1298828125 0.560546875 0.0224609375 0.0205078125
0 0.220703125 0.5859375 0.0146484375 0.0146484375
0 0.150390625 0.744140625 0.099609375 0.12890625
0 0.29296875 0.9638671875 0.0556640625 0.0654296875
0 0.296875 0.9375 0.0107421875 0.013671875
0 0.33203125 0.8896484375 0.029296875 0.0302734375
0 0.392578125 0.9599609375 0.0244140625 0.03515625
0 0.4326171875 0.8564453125 0.02734375 0.0361328125
0 0.6279296875 0.62109375 0.0361328125 0.04296875
0 0.9775390625 0.7685546875 0.044921875 0.083984375
0 0.9130859375 0.79296875 0.056640625 0.064453125
0 0.849609375 0.771484375 0.05859375 0.0830078125
0 0.84375 0.8056640625 0.0263671875 0.0283203125
0 0.775390625 0.7255859375 0.0283203125 0.0322265625
0 0.9296875 0.548828125 0.021484375 0.0234375
0 0.8134765625 0.8486328125 0.048828125 0.052734375
0 0.828125 0.8447265625 0.0224609375 0.0244140625
0 0.6533203125 0.8330078125 0.03125 0.0322265625
0 0.6318359375 0.861328125 0.025390625 0.0263671875
0 0.57421875 0.728515625 0.0224609375 0.029296875
0 0.560546875 0.7216796875 0.015625 0.01953125
0 0.310546875 0.3916015625 0.076171875 0.08984375
0 0.7138671875 0.1708984375 0.03515625 0.052734375
0 0.833984375 0.056640625 0.046875 0.0673828125
0 0.763671875 0.1787109375 0.025390625 0.0283203125
0 0.75 0.1513671875 0.017578125 0.0263671875
0 0.7587890625 0.0576171875 0.0146484375 0.0166015625
0 0.875 0.2119140625 0.03125 0.0390625
0 0.9140625 0.2412109375 0.0205078125 0.0224609375
0 0.83203125 0.20703125 0.013671875 0.015625
0 0.87890625 0.1318359375 0.0166015625 0.029296875
0 0.9423828125 0.2822265625 0.03515625 0.0439453125
0 0.876953125 0.3154296875 0.0205078125 0.0205078125
0 0.9814453125 0.244140625 0.0107421875 0.0146484375
0 0.7314453125 0.3955078125 0.0244140625 0.0302734375
0 0.40234375 0.1201171875 0.0390625 0.046875
0 0.509765625 0.111328125 0.0615234375 0.078125
0 0.5263671875 0.1318359375 0.0283203125 0.0390625
0 0.5771484375 0.1171875 0.0205078125 0.0263671875
0 0.625 0.2119140625 0.0263671875 0.04296875
0 0.630859375 0.1982421875 0.0126953125 0.015625
0 0.701171875 0.22265625 0.015625 0.0185546875
0 0.77734375 0.2197265625 0.015625 0.0185546875
0 0.7373046875 0.24609375 0.013671875 0.0146484375
0 0.716796875 0.2109375 0.01171875 0.013671875
0 0.861328125 0.3349609375 0.01171875 0.0146484375
0 0.896484375 0.369140625 0.013671875 0.013671875
0 0.8916015625 0.4091796875 0.0224609375 0.0361328125
0 0.98828125 0.443359375 0.017578125 0.021484375
0 0.951171875 0.466796875 0.0146484375 0.0224609375
0 0.9638671875 0.4736328125 0.0126953125 0.017578125
0 0.955078125 0.396484375 0.0126953125 0.0146484375
0 0.9951171875 0.337890625 0.0087890625 0.0146484375
0 0.93359375 0.3115234375 0.01171875 0.0146484375
0 0.791015625 0.3017578125 0.0126953125 0.0166015625
0 0.8251953125 0.375 0.013671875 0.0205078125
0 0.853515625 0.359375 0.0126953125 0.0185546875
0 0.775390625 0.3974609375 0.017578125 0.0302734375
0 0.7841796875 0.4033203125 0.0068359375 0.0087890625
0 0.783203125 0.5224609375 0.0703125 0.142578125
0 0.861328125 0.658203125 0.017578125 0.025390625
0 0.943359375 0.6904296875 0.0166015625 0.02734375
0 0.9951171875 0.666015625 0.009765625 0.0185546875
0 0.0849609375 0.828125 0.021484375 0.03515625
0 0.107421875 0.8291015625 0.01953125 0.0205078125
0 0.08984375 0.8984375 0.0166015625 0.01953125
0 0.1044921875 0.9189453125 0.0234375 0.0400390625
0 0.046875 0.939453125 0.0166015625 0.021484375
0 0.033203125 0.9873046875 0.0234375 0.0244140625
0 0.015625 0.9638671875 0.017578125 0.0234375
0 0.025390625 0.9287109375 0.01171875 0.0166015625
0 0.1533203125 0.6416015625 0.0166015625 0.0234375
0 0.12109375 0.65234375 0.01171875 0.0166015625
0 0.068359375 0.4658203125 0.0263671875 0.033203125
0 0.1416015625 0.4794921875 0.03125 0.0390625
0 0.5458984375 0.384765625 0.044921875 0.0595703125
0 0.53515625 0.4091796875 0.0126953125 0.0166015625
0 0.5283203125 0.4716796875 0.0146484375 0.01953125
0 0.4697265625 0.5400390625 0.021484375 0.03125
0 0.4609375 0.51171875 0.01171875 0.0126953125
0 0.5244140625 0.5234375 0.0126953125 0.0185546875
0 0.50390625 0.541015625 0.009765625 0.0126953125
0 0.5078125 0.529296875 0.0107421875 0.0166015625
0 0.744140625 0.4775390625 0.0107421875 0.015625