0 0.9033203125 0.3876953125 0.193359375 0.419921875
0 0.171875 0.763671875 0.0703125 0.1103515625
0 0.18359375 0.4365234375 0.01953125 0.033203125
0 0.0380859375 0.8310546875 0.0224609375 0.0419921875
0 0.14453125 0.35546875 0.01953125 0.03125
0 0.166015625 0.083984375 0.0244140625 0.0419921875
0 0.1484375 0.0439453125 0.0146484375 0.0234375
0 0.7119140625 0.8759765625 0.033203125 0.0712890625
0 0.658203125 0.5478515625 0.0244140625 0.0380859375
0 0.54296875 0.681640625 0.037109375 0.0576171875
0 0.513671875 0.6142578125 0.0224609375 0.04296875
0 0.4453125 0.552734375 0.017578125 0.02734375
0 0.576171875 0.13671875 0.0478515625 0.064453125
0 0.61328125 0.0517578125 0.0537109375 0.0830078125
0 0.630859375 0.056640625 0.0146484375 0.02734375
0 0.83203125 0.95703125 0.0234375 0.0419921875
0 0.9404296875 0.57421875 0.017578125 0.0263671875
0 0.875 0.7333984375 0.0107421875 0.0234375
0 0.849609375 0.7724609375 0.015625 0.0263671875
0 0.951171875 0.74609375 0.01171875 0.02734375
0 0.970703125 0.74609375 0.0146484375 0.0224609375
0 0.98046875 0.6376953125 0.025390625 0.0458984375
0 0.779296875 0.7099609375 0.0107421875 0.0166015625
0 0.908203125 0.88671875 0.01171875 0.0205078125
0 0.892578125 0.845703125 0.01171875 0.0244140625
0 0.9345703125 0.923828125 0.015625 0.03125
0 0.9521484375 0.970703125 0.013671875 0.021484375
0 0.8486328125 0.6826171875 0.025390625 0.0498046875
0 0.888671875 0.6806640625 0.0234375 0.0419921875
0 0.7734375 0.5830078125 0.029296875 0.044921875
0 0.9912109375 0.697265625 0.0087890625 0.0166015625
0 0.9921875 0.62109375 0.0107421875 0.01953125
0 0.2255859375 0.71484375 0.021484375 0.0302734375
0 0.1962890625 0.6689453125 0.015625 0.02734375
0 0.32421875 0.34765625 0.015625 0.02734375
0 0.2783203125 0.064453125 0.0146484375 0.0283203125
0 0.3046875 0.0732421875 0.0107421875 0.01953125
0 0.3154296875 0.8828125 0.0185546875 0.0322265625
0 0.29296875 0.919921875 0.017578125 0.03125
0 0.302734375 0.9365234375 0.0087890625 0.0185546875
0 0.29296875 0.859375 0.0107421875 0.01953125
0 0.623046875 0.3232421875 0.0166015625 0.0283203125
0 0.6787109375 0.2509765625 0.0126953125 0.021484375
0 0.732421875 0.2275390625 0.0126953125 0.025390625
0 0.7490234375 0.2939453125 0.0205078125 0.0400390625
0 0.798828125 0.27734375 0.013671875 0.0302734375
0 0.6826171875 0.7646484375 0.0146484375 0.02734375
0 0.5859375 0.912109375 0.0107421875 0.0224609375
0 0.525390625 0.9638671875 0.0126953125 0.0234375
0 0.4521484375 0.93359375 0.01171875 0.0224609375
0 0.513671875 0.9345703125 0.013671875 0.0205078125
0 0.40625 0.896484375 0.0146484375 0.0283203125
0 0.5986328125 0.2587890625 0.009765625 0.01953125
0 0.55859375 0.345703125 0.01171875 0.0205078125
0 0.267578125 0.77734375 0.0078125 0.0146484375
0 0.306640625 0.7001953125 0.0107421875 0.0146484375
0 0.298828125 0.716796875 0.0107421875 0.0224609375
0 0.7431640625 0.6474609375 0.0185546875 0.0380859375
0 0.7353515625 0.5048828125 0.0126953125 0.021484375
0 0.7734375 0.2119140625 0.0205078125 0.0380859375
0 0.7529296875 0.2109375 0.0185546875 0.0322265625
0 0.7275390625 0.1962890625 0.013671875 0.025390625
0 0.6669921875 0.3212890625 0.0341796875 0.0615234375
0 0.73046875 0.021484375 0.0185546875 0.02734375
0 0.7177734375 0.037109375 0.013671875 0.01953125
0 0.7802734375 0.037109375 0.0234375 0.041015625
0 0.765625 0.1494140625 0.0166015625 0.02734375
0 0.7705078125 0.123046875 0.0146484375 0.0224609375
0 0.7333984375 0.162109375 0.013671875 0.021484375
0 0.8544921875 0.0107421875 0.025390625 0.021484375
0 0.865234375 0.0859375 0.013671875 0.021484375
0 0.8671875 0.185546875 0.0126953125 0.0244140625
0 0.8359375 0.2197265625 0.0087890625 0.0244140625
0 0.912109375 0.0830078125 0.0126953125 0.021484375
0 0.98828125 0.09375 0.0234375 0.0625
0 0.951171875 0.009765625 0.0244140625 0.0166015625
0 0.9033203125 0.0078125 0.0185546875 0.015625