0 0.8994140625 0.5556640625 0.201171875 0.455078125
0 0.1259765625 0.2626953125 0.0859375 0.123046875
0 0.1787109375 0.59765625 0.025390625 0.037109375
0 0.1494140625 0.685546875 0.0234375 0.03515625
0 0.2041015625 0.9619140625 0.03125 0.044921875
0 0.1923828125 0.9970703125 0.017578125 0.005859375
0 0.66796875 0.078125 0.04296875 0.076171875
0 0.6533203125 0.4228515625 0.029296875 0.041015625
0 0.517578125 0.2998046875 0.044921875 0.064453125
0 0.49609375 0.373046875 0.029296875 0.046875
0 0.43359375 0.4453125 0.021484375 0.03125
0 0.62109375 0.8564453125 0.05859375 0.072265625
0 0.669921875 0.939453125 0.06640625 0.091796875
0 0.6865234375 0.9326171875 0.017578125 0.029296875
0 0.9404296875 0.3603515625 0.021484375 0.029296875
0 0.853515625 0.205078125 0.013671875 0.025390625
0 0.822265625 0.1669921875 0.01953125 0.029296875
0 0.9296875 0.181640625 0.015625 0.029296875
0 0.9501953125 0.1787109375 0.017578125 0.025390625
0 0.96875 0.291015625 0.0234375 0.048828125
0 0.7578125 0.2412109375 0.013671875 0.01953125
0 0.869140625 0.04296875 0.013671875 0.0234375
0 0.8564453125 0.0859375 0.015625 0.02734375
0 0.890625 0.0087890625 0.01953125 0.017578125
0 0.83203125 0.2607421875 0.033203125 0.0546875
0 0.8740234375 0.2578125 0.029296875 0.046875
0 0.767578125 0.373046875 0.03515625 0.048828125
0 0.1865234375 0.306640625 0.025390625 0.033203125
0 0.1630859375 0.357421875 0.01953125 0.029296875
0 0.3349609375 0.6708984375 0.01953125 0.029296875
0 0.3232421875 0.9697265625 0.017578125 0.03125
0 0.349609375 0.9560546875 0.013671875 0.021484375
0 0.2587890625 0.1220703125 0.0234375 0.03515625
0 0.2294921875 0.0869140625 0.021484375 0.03515625
0 0.23828125 0.068359375 0.01171875 0.01953125
0 0.23828125 0.1494140625 0.013671875 0.021484375
0 0.6455078125 0.6591796875 0.021484375 0.03125
0 0.7119140625 0.7265625 0.015625 0.0234375
0 0.76953125 0.7431640625 0.017578125 0.02734375
0 0.779296875 0.6728515625 0.02734375 0.044921875
0 0.83203125 0.68359375 0.017578125 0.033203125
0 0.6513671875 0.197265625 0.01953125 0.029296875
0 0.533203125 0.0576171875 0.013671875 0.025390625
0 0.4638671875 0.0126953125 0.015625 0.0234375
0 0.392578125 0.052734375 0.013671875 0.0234375
0 0.4560546875 0.04296875 0.015625 0.0234375
0 0.349609375 0.0966796875 0.01953125 0.03125
0 0.6279296875 0.728515625 0.013671875 0.021484375
0 0.5751953125 0.6435546875 0.013671875 0.0234375
0 0.22265625 0.236328125 0.009765625 0.015625
0 0.2724609375 0.3115234375 0.01171875 0.015625
0 0.26171875 0.2939453125 0.013671875 0.0234375
0 0.728515625 0.3095703125 0.0234375 0.04296875
0 0.73828125 0.45703125 0.015625 0.0234375
0 0.814453125 0.75390625 0.025390625 0.041015625
0 0.79296875 0.7578125 0.0234375 0.037109375
0 0.7685546875 0.7763671875 0.017578125 0.02734375
0 0.69140625 0.654296875 0.04296875 0.068359375
0 0.7939453125 0.955078125 0.0234375 0.02734375
0 0.779296875 0.94140625 0.015625 0.021484375
0 0.84375 0.93359375 0.029296875 0.044921875
0 0.814453125 0.8193359375 0.01953125 0.029296875
0 0.8232421875 0.845703125 0.017578125 0.025390625
0 0.779296875 0.8115234375 0.015625 0.0234375
0 0.923828125 0.9462890625 0.02734375 0.015625
0 0.92578125 0.8720703125 0.015625 0.0234375
0 0.9140625 0.7685546875 0.015625 0.025390625
0 0.8779296875 0.73828125 0.013671875 0.02734375
0 0.9736328125 0.8701171875 0.015625 0.0234375
0 0.97265625 0.9423828125 0.01953125 0.0078125