0 0.1455078125 0.8564453125 0.078125 0.12109375
0 0.5654296875 0.6611328125 0.04296875 0.0859375
0 0.4521484375 0.6337890625 0.044921875 0.09375
0 0.341796875 0.439453125 0.037109375 0.0546875
0 0.509765625 0.1318359375 0.03515625 0.0625
0 0.46875 0.1982421875 0.0234375 0.044921875
0 0.3779296875 0.046875 0.095703125 0.09375
0 0.0986328125 0.35546875 0.03515625 0.0703125
0 0.775390625 0.2578125 0.12890625 0.40234375
0 0.90625 0.83984375 0.03515625 0.0625
0 0.9111328125 0.8984375 0.0234375 0.03515625
0 0.970703125 0.884765625 0.01953125 0.03515625
0 0.650390625 0.7001953125 0.1953125 0.3828125
0 0.537109375 0.9345703125 0.05859375 0.09765625
0 0.0263671875 0.4365234375 0.052734375 0.091796875
0 0.9365234375 0.2197265625 0.06640625 0.1015625
0 0.890625 0.966796875 0.0859375 0.06640625
0 0.87890625 0.5185546875 0.0234375 0.03125
0 0.87890625 0.7177734375 0.0546875 0.064453125
0 0.984375 0.4296875 0.03125 0.046875
0 0.126953125 0.9677734375 0.037109375 0.0625
0 0.037109375 0.865234375 0.03125 0.07421875
0 0.0078125 0.8935546875 0.015625 0.044921875
0 0.078125 0.9794921875 0.03515625 0.041015625
0 0.5390625 0.337890625 0.0390625 0.09375
0 0.6904296875 0.3447265625 0.03515625 0.1015625
0 0.6728515625 0.056640625 0.01953125 0.0546875
0 0.5751953125 0.0185546875 0.013671875 0.015625
0 0.5498046875 0.04296875 0.021484375 0.0390625
0 0.9775390625 0.70703125 0.01171875 0.025390625
0 0.708984375 0.9501953125 0.09765625 0.099609375
0 0.25390625 0.140625 0.015625 0.03125
0 0.30078125 0.0498046875 0.021484375 0.025390625
0 0.23046875 0.107421875 0.0234375 0.0390625
0 0.173828125 0.5673828125 0.017578125 0.03515625
0 0.2275390625 0.638671875 0.017578125 0.03125
0 0.341796875 0.51953125 0.044921875 0.0703125
0 0.8818359375 0.154296875 0.0234375 0.04296875
0 0.63671875 0.486328125 0.015625 0.041015625
0 0.9765625 0.1240234375 0.04296875 0.0546875
0 0.9921875 0.1748046875 0.015625 0.0546875
0 0.45703125 0.1259765625 0.01953125 0.044921875
0 0.4130859375 0.2890625 0.015625 0.03515625
0 0.9921875 0.794921875 0.015625 0.05078125
0 0.9931640625 0.849609375 0.013671875 0.0390625
0 0.8759765625 0.470703125 0.03515625 0.05078125
0 0.8154296875 0.4853515625 0.02734375 0.0546875
0 0.818359375 0.5439453125 0.025390625 0.03125
0 0.9296875 0.0732421875 0.0234375 0.02734375
0 0.248046875 0.2802734375 0.046875 0.109375
0 0.21875 0.3759765625 0.0234375 0.046875
0 0.255859375 0.3896484375 0.02734375 0.041015625
0 0.5966796875 0.3818359375 0.029296875 0.03125
0 0.1494140625 0.0908203125 0.06640625 0.1640625
0 0.0966796875 0.6328125 0.025390625 0.078125
0 0.16015625 0.7197265625 0.021484375 0.03125
0 0.4541015625 0.984375 0.0859375 0.03125
0 0.490234375 0.490234375 0.029296875 0.048828125
0 0.4326171875 0.3603515625 0.01953125 0.02734375
0 0.4111328125 0.6123046875 0.01953125 0.0390625
0 0.333984375 0.662109375 0.03125 0.06640625
0 0.1845703125 0.9423828125 0.015625 0.03125
0 0.2001953125 0.962890625 0.015625 0.02734375
0 0.21484375 0.8740234375 0.015625 0.0390625
0 0.205078125 0.818359375 0.015625 0.041015625
0 0.203125 0.5556640625 0.01953125 0.05078125
0 0.345703125 0.259765625 0.01171875 0.021484375
0 0.2412109375 0.4384765625 0.015625 0.03125
0 0.1943359375 0.4267578125 0.015625 0.02734375
0 0.0869140625 0.4521484375 0.015625 0.03125
0 0.6416015625 0.5107421875 0.013671875 0.025390625
0 0.6357421875 0.2919921875 0.009765625 0.021484375
0 0.6962890625 0.38671875 0.013671875 0.021484375
0 0.6953125 0.3037109375 0.01171875 0.01953125
0 0.7109375 0.4287109375 0.017578125 0.037109375
0 0.7734375 0.4833984375 0.015625 0.0234375
0 0.0185546875 0.2685546875 0.01171875 0.021484375
0 0.0830078125 0.2529296875 0.015625 0.02734375
0 0.00390625 0.78125 0.0078125 0.046875
0 0.01171875 0.8134765625 0.0234375 0.0390625
0 0.0224609375 0.931640625 0.01171875 0.0234375
0 0.2099609375 0.994140625 0.015625 0.01171875
0 0.2666015625 0.896484375 0.11328125 0.20703125
0 0.30078125 0.775390625 0.017578125 0.02734375
0 0.2763671875 0.7734375 0.013671875 0.029296875
0 0.2939453125 0.619140625 0.01953125 0.03125
0 0.3671875 0.61328125 0.041015625 0.080078125
0 0.3330078125 0.5927734375 0.01171875 0.01953125
0 0.3466796875 0.5625 0.015625 0.025390625
0 0.251953125 0.6357421875 0.0390625 0.080078125
0 0.22265625 0.6796875 0.03515625 0.06640625
0 0.2666015625 0.7412109375 0.0390625 0.05859375
0 0.1328125 0.66015625 0.03515625 0.068359375
0 0.2001953125 0.603515625 0.01171875 0.01953125
0 0.328125 0.2568359375 0.01171875 0.01953125
0 0.330078125 0.111328125 0.015625 0.0234375
0 0.2646484375 0.10546875 0.0234375 0.0390625
0 0.0654296875 0.06640625 0.02734375 0.048828125
0 0.08203125 0.0341796875 0.025390625 0.044921875
0 0.634765625 0.0625 0.0078125 0.01953125
0 0.98046875 0.22265625 0.017578125 0.033203125
0 0.99609375 0.248046875 0.0078125 0.02734375
0 0.9501953125 0.044921875 0.05078125 0.087890625
0 0.9189453125 0.1552734375 0.015625 0.029296875
0 0.9248046875 0.3642578125 0.01171875 0.01953125
0 0.947265625 0.4833984375 0.013671875 0.02734375
0 0.9375 0.498046875 0.01953125 0.0390625
0 0.9521484375 0.59375 0.0234375 0.05078125
0 0.9384765625 0.8447265625 0.025390625 0.05078125
0 0.7744140625 0.83203125 0.013671875 0.0234375
0 0.775390625 0.958984375 0.0078125 0.01953125
0 0.76171875 0.9697265625 0.0078125 0.015625
0 0.8828125 0.763671875 0.01171875 0.021484375
0 0.89453125 0.81640625 0.015625 0.025390625
0 0.7958984375 0.5693359375 0.015625 0.029296875
0 0.6865234375 0.490234375 0.013671875 0.029296875
0 0.6083984375 0.494140625 0.017578125 0.029296875
0 0.53515625 0.1376953125 0.017578125 0.02734375
0 0.3173828125 0.2109375 0.01171875 0.0234375
0 0.2021484375 0.24609375 0.04296875 0.1015625
0 0.197265625 0.462890625 0.01953125 0.0390625
0 0.1728515625 0.537109375 0.009765625 0.01953125
0 0.005859375 0.537109375 0.01171875 0.0234375
0 0.0009765625 0.6103515625 0.001953125 0.025390625
0 0.06640625 0.4921875 0.01171875 0.025390625
0 0.033203125 0.4873046875 0.015625 0.03515625