0 0.2099609375 0.1806640625 0.2392578125 0.2568359375
0 0.509765625 0.56640625 0.1669921875 0.1591796875
0 0.787109375 0.404296875 0.07421875 0.083984375
0 0.2001953125 0.7158203125 0.15625 0.23046875
0 0.08984375 0.724609375 0.04296875 0.05078125
0 0.072265625 0.9345703125 0.080078125 0.0732421875
0 0.38671875 0.716796875 0.1962890625 0.236328125
0 0.31640625 0.84375 0.0888671875 0.1142578125
0 0.2880859375 0.8974609375 0.04296875 0.068359375
0 0.662109375 0.87890625 0.1162109375 0.1708984375
0 0.72265625 0.9609375 0.0341796875 0.044921875
0 0.92578125 0.900390625 0.08203125 0.126953125
0 0.8837890625 0.9619140625 0.0224609375 0.029296875
0 0.8251953125 0.6259765625 0.03125 0.03515625
0 0.8095703125 0.17578125 0.380859375 0.318359375
0 0.58203125 0.16015625 0.0458984375 0.0546875
0 0.2119140625 0.361328125 0.0556640625 0.0595703125
0 0.251953125 0.4794921875 0.03515625 0.0380859375
0 0.294921875 0.58203125 0.0322265625 0.03125
0 0.1884765625 0.521484375 0.0341796875 0.0322265625
0 0.072265625 0.419921875 0.025390625 0.0341796875
0 0.0185546875 0.3828125 0.017578125 0.0283203125
0 0.0302734375 0.337890625 0.0205078125 0.02734375
0 0.0751953125 0.361328125 0.0234375 0.01953125
0 0.66796875 0.5439453125 0.220703125 0.3232421875
0 0.5791015625 0.7314453125 0.052734375 0.07421875