0 0.2021484375 0.84765625 0.248046875 0.265625
0 0.513671875 0.4462890625 0.171875 0.1640625
0 0.80078125 0.615234375 0.078125 0.087890625
0 0.1923828125 0.2919921875 0.162109375 0.23828125
0 0.0771484375 0.2822265625 0.04296875 0.052734375
0 0.0595703125 0.064453125 0.08203125 0.076171875
0 0.3857421875 0.291015625 0.203125 0.24609375
0 0.3134765625 0.1591796875 0.09375 0.119140625
0 0.283203125 0.1025390625 0.044921875 0.0703125
0 0.671875 0.1220703125 0.12109375 0.177734375
0 0.7353515625 0.037109375 0.03515625 0.046875
0 0.9453125 0.099609375 0.0859375 0.1328125
0 0.90234375 0.0361328125 0.0234375 0.03125
0 0.8408203125 0.384765625 0.03125 0.03515625
0 0.8134765625 0.84375 0.373046875 0.3125
0 0.5888671875 0.869140625 0.046875 0.05859375
0 0.2041015625 0.66015625 0.05859375 0.0625
0 0.24609375 0.5361328125 0.03515625 0.0390625
0 0.2900390625 0.4306640625 0.033203125 0.03125
0 0.1806640625 0.4931640625 0.03515625 0.033203125
0 0.0595703125 0.5986328125 0.02734375 0.03515625
0 0.005859375 0.638671875 0.01171875 0.03125
0 0.015625 0.68359375 0.01953125 0.02734375
0 0.0625 0.6591796875 0.0234375 0.01953125
0 0.677734375 0.470703125 0.228515625 0.3359375
0 0.5849609375 0.2744140625 0.0546875 0.078125