0 0.3330078125 0.32421875 0.337890625 0.603515625
0 0.2490234375 0.0546875 0.0107421875 0.01953125
0 0.2177734375 0.0615234375 0.0087890625 0.021484375
0 0.341796875 0.0380859375 0.01171875 0.017578125
0 0.494140625 0.083984375 0.0126953125 0.0244140625
0 0.48046875 0.10546875 0.025390625 0.05078125
0 0.5458984375 0.140625 0.009765625 0.0244140625
0 0.5546875 0.2099609375 0.01171875 0.0263671875
0 0.0517578125 0.419921875 0.0302734375 0.0556640625
0 0.0869140625 0.4599609375 0.033203125 0.0703125
0 0.7978515625 0.3798828125 0.025390625 0.0576171875
0 0.9384765625 0.365234375 0.1220703125 0.3056640625
0 0.8876953125 0.541015625 0.0263671875 0.0458984375
0 0.927734375 0.5078125 0.013671875 0.0166015625
0 0.9775390625 0.25 0.009765625 0.0205078125
0 0.85546875 0.4404296875 0.015625 0.029296875
0 0.9091796875 0.59765625 0.013671875 0.02734375
0 0.9384765625 0.5908203125 0.01953125 0.0361328125
0 0.8916015625 0.6533203125 0.0146484375 0.02734375
0 0.859375 0.7822265625 0.0087890625 0.01953125
0 0.92578125 0.87890625 0.1142578125 0.22265625
0 0.982421875 0.908203125 0.0166015625 0.0322265625
0 0.98046875 0.9736328125 0.013671875 0.021484375
0 0.978515625 0.888671875 0.01171875 0.021484375
0 0.759765625 0.61328125 0.0205078125 0.0380859375
0 0.740234375 0.71875 0.0205078125 0.0322265625
0 0.6572265625 0.775390625 0.017578125 0.03125
0 0.732421875 0.6376953125 0.013671875 0.025390625
0 0.6826171875 0.693359375 0.01171875 0.0205078125
0 0.763671875 0.7421875 0.0087890625 0.01953125
0 0.8837890625 0.6923828125 0.009765625 0.0205078125
0 0.62109375 0.046875 0.0322265625 0.0537109375
0 0.134765625 0.7109375 0.017578125 0.0322265625
0 0.01953125 0.7138671875 0.0244140625 0.037109375
0 0.0107421875 0.5693359375 0.0205078125 0.0556640625
0 0.3369140625 0.9365234375 0.015625 0.0322265625
0 0.3837890625 0.892578125 0.017578125 0.03125
0 0.7255859375 0.65625 0.0087890625 0.0224609375
0 0.4970703125 0.658203125 0.0087890625 0.0166015625
0 0.9033203125 0.0078125 0.0185546875 0.0146484375
0 0.9228515625 0.0517578125 0.0087890625 0.0205078125
0 0.763671875 0.30859375 0.013671875 0.0234375
0 0.1416015625 0.3984375 0.009765625 0.0146484375
0 0.119140625 0.6845703125 0.01171875 0.0234375
0 0.1220703125 0.8779296875 0.009765625 0.017578125
0 0.0380859375 0.841796875 0.013671875 0.021484375
0 0.26953125 0.853515625 0.01171875 0.0224609375
0 0.107421875 0.251953125 0.0078125 0.013671875
0 0.1494140625 0.2392578125 0.0068359375 0.01171875
0 0.125 0.2353515625 0.009765625 0.0166015625
0 0.1689453125 0.4619140625 0.0087890625 0.021484375
0 0.1484375 0.060546875 0.0078125 0.0185546875
0 0.1533203125 0.08203125 0.0068359375 0.01171875
0 0.6044921875 0.587890625 0.009765625 0.021484375
0 0.5751953125 0.5166015625 0.009765625 0.0185546875
0 0.43359375 0.9482421875 0.01171875 0.0263671875
0 0.3955078125 0.9560546875 0.0087890625 0.0146484375
0 0.197265625 0.8779296875 0.009765625 0.021484375
0 0.2158203125 0.8271484375 0.0078125 0.013671875
0 0.2705078125 0.7060546875 0.009765625 0.01953125
0 0.16796875 0.6875 0.009765625 0.01953125
0 0.1220703125 0.5703125 0.0087890625 0.017578125
0 0.0341796875 0.228515625 0.009765625 0.017578125
0 0.08203125 0.0244140625 0.0107421875 0.017578125
0 0.1181640625 0.00390625 0.009765625 0.0078125
0 0.1328125 0.04296875 0.0087890625 0.015625
0 0.69921875 0.068359375 0.009765625 0.0185546875
0 0.583984375 0.431640625 0.0068359375 0.015625
0 0.677734375 0.8466796875 0.009765625 0.0185546875
0 0.740234375 0.9951171875 0.013671875 0.0087890625
0 0.76171875 0.9501953125 0.009765625 0.017578125
0 0.671875 0.90625 0.0107421875 0.0205078125
0 0.5595703125 0.8955078125 0.009765625 0.0146484375
0 0.6494140625 0.890625 0.0087890625 0.015625
0 0.748046875 0.7890625 0.0087890625 0.0166015625
0 0.791015625 0.94140625 0.0107421875 0.017578125
0 0.8154296875 0.984375 0.0078125 0.021484375
0 0.6953125 0.4580078125 0.0107421875 0.017578125
0 0.8076171875 0.2548828125 0.0107421875 0.0185546875
0 0.9765625 0.1142578125 0.0087890625 0.01953125
0 0.060546875 0.984375 0.0263671875 0.03125
0 0.10546875 0.7763671875 0.0166015625 0.0302734375
0 0.36328125 0.7314453125 0.0078125 0.0146484375