0 0.3466796875 0.6845703125 0.392578125 0.630859375
0 0.2861328125 0.9677734375 0.01171875 0.01953125
0 0.25390625 0.9638671875 0.009765625 0.021484375
0 0.380859375 0.9765625 0.013671875 0.017578125
0 0.5302734375 0.9169921875 0.015625 0.025390625
0 0.5146484375 0.896484375 0.03125 0.0546875
0 0.5771484375 0.8544921875 0.013671875 0.025390625
0 0.580078125 0.7841796875 0.015625 0.02734375
0 0.0556640625 0.6171875 0.03515625 0.05859375
0 0.0869140625 0.57421875 0.041015625 0.072265625
0 0.80859375 0.5927734375 0.03125 0.060546875
0 0.9384765625 0.5947265625 0.123046875 0.318359375
0 0.8857421875 0.421875 0.029296875 0.048828125
0 0.9287109375 0.4521484375 0.015625 0.017578125
0 0.998046875 0.7060546875 0.00390625 0.021484375
0 0.8623046875 0.5263671875 0.017578125 0.03125
0 0.9013671875 0.36328125 0.015625 0.029296875
0 0.9326171875 0.3671875 0.0234375 0.037109375
0 0.87890625 0.30859375 0.017578125 0.029296875
0 0.8369140625 0.1826171875 0.009765625 0.01953125
0 0.8935546875 0.09765625 0.134765625 0.1953125
0 0.94921875 0.0439453125 0.01953125 0.033203125
0 0.947265625 0.064453125 0.013671875 0.0234375
0 0.7509765625 0.3603515625 0.0234375 0.041015625
0 0.7216796875 0.255859375 0.0234375 0.033203125
0 0.6328125 0.20703125 0.01953125 0.033203125
0 0.720703125 0.3388671875 0.017578125 0.02734375
0 0.666015625 0.2861328125 0.013671875 0.021484375
0 0.7431640625 0.23046875 0.009765625 0.01953125
0 0.8681640625 0.2705078125 0.01171875 0.021484375
0 0.66015625 0.9423828125 0.037109375 0.056640625
0 0.11328125 0.3173828125 0.021484375 0.03515625
0 0.0048828125 0.3232421875 0.009765625 0.041015625
0 0.005859375 0.470703125 0.01171875 0.05859375
0 0.296875 0.072265625 0.017578125 0.033203125
0 0.34765625 0.1123046875 0.01953125 0.033203125
0 0.712890625 0.3203125 0.01171875 0.0234375
0 0.482421875 0.3388671875 0.009765625 0.017578125
0 0.9482421875 0.95703125 0.01953125 0.013671875
0 0.96484375 0.9111328125 0.009765625 0.021484375
0 0.78125 0.6669921875 0.015625 0.025390625
0 0.1474609375 0.6318359375 0.01171875 0.015625
0 0.099609375 0.3447265625 0.013671875 0.0234375
0 0.0859375 0.1513671875 0.01171875 0.017578125
0 0.005859375 0.193359375 0.01171875 0.0234375
0 0.2373046875 0.1611328125 0.013671875 0.0234375
0 0.126953125 0.7802734375 0.009765625 0.013671875
0 0.169921875 0.791015625 0.0078125 0.013671875
0 0.14453125 0.796875 0.01171875 0.017578125
0 0.169921875 0.5654296875 0.009765625 0.021484375
0 0.1845703125 0.970703125 0.009765625 0.01953125
0 0.1875 0.9482421875 0.0078125 0.01171875
0 0.595703125 0.400390625 0.01171875 0.021484375
0 0.57421875 0.4736328125 0.01171875 0.01953125
0 0.392578125 0.052734375 0.013671875 0.02734375
0 0.353515625 0.0478515625 0.009765625 0.015625
0 0.1611328125 0.1435546875 0.01171875 0.021484375
0 0.1845703125 0.193359375 0.009765625 0.013671875
0 0.25 0.310546875 0.01171875 0.01953125
0 0.1484375 0.337890625 0.01171875 0.01953125
0 0.11328125 0.4599609375 0.009765625 0.017578125
0 0.0537109375 0.8115234375 0.01171875 0.017578125
0 0.169921875 0.9892578125 0.009765625 0.015625
0 0.73828125 0.9140625 0.01171875 0.01953125
0 0.5908203125 0.55859375 0.0078125 0.017578125
0 0.6474609375 0.1328125 0.01171875 0.01953125
0 0.7236328125 0.021484375 0.01171875 0.01953125
0 0.63671875 0.07421875 0.01171875 0.021484375
0 0.5244140625 0.09375 0.01171875 0.015625
0 0.615234375 0.091796875 0.009765625 0.015625
0 0.7236328125 0.1845703125 0.009765625 0.017578125
0 0.75390625 0.0283203125 0.01171875 0.017578125
0 0.7001953125 0.5224609375 0.01171875 0.017578125
0 0.8310546875 0.716796875 0.01171875 0.01953125
0 0.0146484375 0.052734375 0.02734375 0.025390625
0 0.0771484375 0.25390625 0.01953125 0.03125
0 0.3408203125 0.2763671875 0.009765625 0.015625