0 0.5947265625 0.3984375 0.16796875 0.2783203125
0 0.9765625 0.5703125 0.046875 0.16796875
0 0.587890625 0.9384765625 0.02734375 0.05078125
0 0.7080078125 0.9814453125 0.0224609375 0.037109375
0 0.6298828125 0.1220703125 0.03515625 0.064453125
0 0.7880859375 0.13671875 0.0185546875 0.0322265625
0 0.697265625 0.01953125 0.021484375 0.033203125
0 0.0595703125 0.412109375 0.0390625 0.07421875
0 0.0185546875 0.8857421875 0.0224609375 0.0380859375
0 0.498046875 0.158203125 0.0263671875 0.04296875
0 0.525390625 0.080078125 0.017578125 0.03125
0 0.498046875 0.1181640625 0.013671875 0.025390625
0 0.5048828125 0.7236328125 0.0146484375 0.02734375
0 0.56640625 0.8564453125 0.0126953125 0.0244140625
0 0.4794921875 0.609375 0.0126953125 0.0283203125
0 0.150390625 0.6748046875 0.013671875 0.0283203125
0 0.0673828125 0.7060546875 0.01171875 0.025390625
0 0.244140625 0.705078125 0.0146484375 0.02734375
0 0.3671875 0.7470703125 0.013671875 0.0224609375
0 0.318359375 0.404296875 0.0126953125 0.0224609375
0 0.361328125 0.392578125 0.009765625 0.0205078125
0 0.17578125 0.5595703125 0.0126953125 0.0234375
0 0.01953125 0.6533203125 0.025390625 0.044921875
0 0.0341796875 0.2275390625 0.0224609375 0.0400390625
0 0.955078125 0.16796875 0.01953125 0.041015625
0 0.912109375 0.2490234375 0.01171875 0.01953125
0 0.8154296875 0.1884765625 0.01171875 0.0234375
0 0.8505859375 0.1923828125 0.013671875 0.0244140625
0 0.181640625 0.6376953125 0.0107421875 0.0224609375
0 0.236328125 0.6484375 0.009765625 0.0205078125
0 0.337890625 0.5380859375 0.009765625 0.0185546875
0 0.3330078125 0.6279296875 0.0087890625 0.0205078125
0 0.2841796875 0.8828125 0.0126953125 0.0224609375
0 0.0244140625 0.98828125 0.015625 0.0234375
0 0.017578125 0.822265625 0.0126953125 0.021484375
0 0.6259765625 0.9169921875 0.01171875 0.01953125
0 0.7373046875 0.802734375 0.013671875 0.0244140625
0 0.708984375 0.5888671875 0.013671875 0.0234375
0 0.7099609375 0.451171875 0.009765625 0.021484375
0 0.8779296875 0.908203125 0.013671875 0.0234375
0 0.9677734375 0.736328125 0.0126953125 0.025390625
0 0.9892578125 0.6708984375 0.0087890625 0.015625
0 0.900390625 0.373046875 0.0087890625 0.0205078125
0 0.814453125 0.2900390625 0.0087890625 0.017578125
0 0.712890625 0.1748046875 0.0107421875 0.021484375
0 0.6630859375 0.154296875 0.01171875 0.015625
0 0.720703125 0.080078125 0.009765625 0.017578125
0 0.3232421875 0.099609375 0.0107421875 0.0205078125
0 0.107421875 0.0791015625 0.0107421875 0.021484375
0 0.142578125 0.078125 0.009765625 0.01953125
0 0.0322265625 0.1376953125 0.01171875 0.021484375
0 0.0146484375 0.2119140625 0.0146484375 0.017578125
0 0.1103515625 0.60546875 0.017578125 0.033203125
0 0.0400390625 0.5244140625 0.0087890625 0.0166015625
0 0.0283203125 0.02734375 0.0107421875 0.0146484375
0 0.1259765625 0.0068359375 0.009765625 0.013671875
0 0.3232421875 0.1005859375 0.0107421875 0.0205078125
0 0.2119140625 0.2666015625 0.009765625 0.015625
0 0.201171875 0.388671875 0.009765625 0.0224609375
0 0.2177734375 0.455078125 0.009765625 0.0146484375
0 0.4560546875 0.7841796875 0.009765625 0.017578125
0 0.4873046875 0.9375 0.0087890625 0.0166015625
0 0.2802734375 0.515625 0.0078125 0.0185546875
0 0.779296875 0.76171875 0.0087890625 0.0185546875
0 0.818359375 0.6796875 0.0087890625 0.015625
0 0.712890625 0.52734375 0.009765625 0.0205078125
0 0.9326171875 0.2373046875 0.01171875 0.015625
0 0.4482421875 0.134765625 0.0107421875 0.0185546875
0 0.529296875 0.681640625 0.013671875 0.0224609375
0 0.572265625 0.7021484375 0.033203125 0.0556640625
0 0.4921875 0.5546875 0.015625 0.0302734375
0 0.53515625 0.138671875 0.0078125 0.0126953125
0 0.4560546875 0.0048828125 0.009765625 0.009765625