0 0.2587890625 0.8017578125 0.080078125 0.123046875
0 0.5517578125 0.857421875 0.0546875 0.095703125
0 0.8291015625 0.2275390625 0.033203125 0.041015625
0 0.908203125 0.09375 0.048828125 0.08984375
0 0.166015625 0.095703125 0.046875 0.05859375
0 0.21484375 0.1982421875 0.029296875 0.041015625
0 0.291015625 0.41796875 0.01953125 0.033203125
0 0.4619140625 0.2216796875 0.03125 0.05078125
0 0.521484375 0.158203125 0.029296875 0.05859375
0 0.6416015625 0.3876953125 0.015625 0.029296875
0 0.0341796875 0.5654296875 0.021484375 0.0390625
0 0.087890625 0.8046875 0.087890625 0.19140625