0 0.7177734375 0.5361328125 0.037109375 0.056640625
0 0.5791015625 0.3603515625 0.025390625 0.0390625
0 0.7509765625 0.1943359375 0.029296875 0.041015625
0 0.8193359375 0.1962890625 0.01953125 0.03125
0 0.783203125 0.0869140625 0.013671875 0.021484375
0 0.2783203125 0.1328125 0.015625 0.0234375
0 0.3134765625 0.1640625 0.015625 0.025390625
0 0.3388671875 0.1015625 0.015625 0.0234375
0 0.232421875 0.056640625 0.01953125 0.025390625
0 0.2001953125 0.2060546875 0.015625 0.0234375
0 0.3251953125 0.607421875 0.021484375 0.029296875
0 0.328125 0.5810546875 0.015625 0.0234375
0 0.6123046875 0.7001953125 0.017578125 0.025390625
0 0.9033203125 0.8095703125 0.015625 0.025390625
0 0.7490234375 0.634765625 0.021484375 0.029296875
0 0.83203125 0.5361328125 0.015625 0.0234375
0 0.939453125 0.4228515625 0.017578125 0.025390625
0 0.9560546875 0.38671875 0.013671875 0.021484375
0 0.970703125 0.3828125 0.009765625 0.015625
0 0.896484375 0.42578125 0.013671875 0.017578125
0 0.875 0.337890625 0.01171875 0.017578125
0 0.9921875 0.244140625 0.013671875 0.021484375
0 0.94921875 0.16796875 0.01171875 0.015625
0 0.6806640625 0.220703125 0.015625 0.0234375
0 0.6708984375 0.21484375 0.0078125 0.01171875
0 0.6513671875 0.208984375 0.009765625 0.013671875
0 0.6142578125 0.2900390625 0.009765625 0.015625
0 0.611328125 0.2705078125 0.0078125 0.009765625
0 0.0419921875 0.8955078125 0.017578125 0.025390625
0 0.33984375 0.8740234375 0.013671875 0.01953125
0 0.1474609375 0.9208984375 0.0078125 0.013671875
0 0.2255859375 0.751953125 0.009765625 0.015625
0 0.4365234375 0.107421875 0.015625 0.0234375
0 0.419921875 0.1259765625 0.01171875 0.017578125
0 0.8515625 0.9697265625 0.017578125 0.02734375
0 0.7900390625 0.890625 0.01171875 0.01953125
0 0.642578125 0.990234375 0.013671875 0.01953125
0 0.0439453125 0.6923828125 0.01953125 0.029296875
0 0.12890625 0.5458984375 0.015625 0.0234375
0 0.4013671875 0.6884765625 0.091796875 0.12890625
0 0.2158203125 0.6982421875 0.10546875 0.1484375
0 0.5009765625 0.443359375 0.017578125 0.02734375
0 0.58203125 0.015625 0.015625 0.01953125
0 0.12109375 0.6201171875 0.01171875 0.017578125
0 0.154296875 0.1796875 0.0703125 0.09765625
0 0.0419921875 0.328125 0.060546875 0.142578125
0 0.65234375 0.0771484375 0.07421875 0.119140625
0 0.6875 0.1240234375 0.025390625 0.03515625
0 0.69921875 0.1611328125 0.041015625 0.0625
0 0.7236328125 0.201171875 0.060546875 0.109375
0 0.66015625 0.248046875 0.0390625 0.056640625
0 0.6552734375 0.328125 0.041015625 0.068359375
0 0.6611328125 0.302734375 0.009765625 0.015625
0 0.9375 0.818359375 0.033203125 0.0859375
0 0.82421875 0.9384765625 0.08203125 0.123046875