0 0.2802734375 0.4560546875 0.03125 0.052734375
0 0.458984375 0.333984375 0.021484375 0.03515625
0 0.345703125 0.1318359375 0.0234375 0.037109375
0 0.283203125 0.115234375 0.017578125 0.029296875
0 0.3466796875 0.0234375 0.013671875 0.021484375
0 0.7998046875 0.2080078125 0.013671875 0.0234375
0 0.7587890625 0.2275390625 0.013671875 0.0234375
0 0.751953125 0.1630859375 0.013671875 0.0234375
0 0.86328125 0.1513671875 0.017578125 0.0234375
0 0.8505859375 0.296875 0.013671875 0.0234375
0 0.6220703125 0.6328125 0.017578125 0.02734375
0 0.6279296875 0.607421875 0.015625 0.021484375
0 0.3310546875 0.63671875 0.015625 0.0234375
0 0.033203125 0.6552734375 0.01171875 0.0234375
0 0.2236328125 0.5390625 0.017578125 0.02734375
0 0.1748046875 0.423828125 0.013671875 0.021484375
0 0.1083984375 0.2900390625 0.015625 0.025390625
0 0.103515625 0.2509765625 0.01171875 0.01953125
0 0.0908203125 0.2431640625 0.0078125 0.015625
0 0.1474609375 0.3046875 0.01171875 0.015625
0 0.19140625 0.228515625 0.009765625 0.017578125
0 0.1103515625 0.1103515625 0.01171875 0.021484375
0 0.0576171875 0.1123046875 0.009765625 0.013671875
0 0.1708984375 0.0517578125 0.009765625 0.013671875
0 0.4033203125 0.1767578125 0.013671875 0.021484375
0 0.4140625 0.173828125 0.0078125 0.009765625
0 0.4345703125 0.173828125 0.0078125 0.013671875
0 0.4443359375 0.259765625 0.0078125 0.013671875
0 0.453125 0.2421875 0.0078125 0.009765625
0 0.8017578125 0.9775390625 0.015625 0.0234375
0 0.5927734375 0.998046875 0.009765625 0.00390625
0 0.603515625 0.9931640625 0.0078125 0.01171875
0 0.5341796875 0.8740234375 0.01171875 0.017578125
0 0.697265625 0.9716796875 0.0078125 0.013671875
0 0.6728515625 0.7939453125 0.009765625 0.013671875
0 0.66015625 0.140625 0.013671875 0.0234375
0 0.6708984375 0.162109375 0.009765625 0.015625
0 0.03515625 0.8173828125 0.015625 0.025390625
0 0.115234375 0.76171875 0.0078125 0.017578125
0 0.22265625 0.896484375 0.01171875 0.017578125
0 0.857421875 0.791015625 0.017578125 0.02734375
0 0.8212890625 0.6318359375 0.015625 0.021484375
0 0.529296875 0.6865234375 0.078125 0.12109375
0 0.6982421875 0.748046875 0.091796875 0.13671875
0 0.5068359375 0.431640625 0.015625 0.025390625
0 0.552734375 0.013671875 0.015625 0.021484375
0 0.806640625 0.7021484375 0.009765625 0.015625
0 0.900390625 0.287109375 0.060546875 0.08984375
0 0.96875 0.4560546875 0.0625 0.138671875
0 0.4697265625 0.0537109375 0.064453125 0.107421875
0 0.42578125 0.0849609375 0.021484375 0.03125
0 0.404296875 0.1162109375 0.03515625 0.05859375
0 0.3701171875 0.146484375 0.048828125 0.1015625
0 0.4150390625 0.2060546875 0.033203125 0.052734375
0 0.396484375 0.2822265625 0.033203125 0.064453125
0 0.3994140625 0.2568359375 0.0078125 0.013671875
0 0.005859375 0.654296875 0.01171875 0.08203125
0 0.06640625 0.806640625 0.068359375 0.13671875