0 0.7841796875 0.2734375 0.033203125 0.052734375
0 0.33984375 0.1669921875 0.080078125 0.11328125
0 0.7294921875 0.458984375 0.072265625 0.109375
0 0.837890625 0.5537109375 0.0546875 0.068359375
0 0.869140625 0.361328125 0.02734375 0.04296875
0 0.7470703125 0.09375 0.134765625 0.16796875
0 0.8662109375 0.029296875 0.02734375 0.0234375
0 0.09765625 0.2431640625 0.029296875 0.05859375
0 0.0537109375 0.259765625 0.021484375 0.0390625
0 0.6572265625 0.869140625 0.1015625 0.16796875
0 0.0693359375 0.38671875 0.06640625 0.109375
0 0.9765625 0.8427734375 0.013671875 0.041015625
0 0.8408203125 0.263671875 0.01953125 0.03125
0 0.3408203125 0.521484375 0.080078125 0.130859375
0 0.8388671875 0.9443359375 0.060546875 0.080078125
0 0.5703125 0.63671875 0.0234375 0.03515625
0 0.1953125 0.7890625 0.046875 0.0703125
0 0.75 0.970703125 0.0546875 0.05859375
0 0.240234375 0.515625 0.025390625 0.048828125
0 0.3818359375 0.9482421875 0.02734375 0.052734375
0 0.68359375 0.1240234375 0.037109375 0.060546875
0 0.7431640625 0.18359375 0.03125 0.05859375
0 0.4873046875 0.6435546875 0.0234375 0.046875
0 0.548828125 0.71875 0.0234375 0.04296875
0 0.9423828125 0.75 0.021484375 0.037109375
0 0.1513671875 0.3447265625 0.02734375 0.05078125
0 0.9619140625 0.908203125 0.0234375 0.04296875
0 0.6123046875 0.9697265625 0.03125 0.052734375
0 0.5654296875 0.4267578125 0.12890625 0.380859375
0 0.5087890625 0.1962890625 0.125 0.212890625
0 0.1533203125 0.453125 0.015625 0.0234375
0 0.158203125 0.470703125 0.01171875 0.017578125
0 0.1279296875 0.4912109375 0.009765625 0.013671875
0 0.0966796875 0.4443359375 0.01171875 0.013671875
0 0.986328125 0.2353515625 0.017578125 0.029296875
0 0.857421875 0.552734375 0.01171875 0.01953125
0 0.822265625 0.5419921875 0.01171875 0.017578125
0 0.8154296875 0.5361328125 0.0078125 0.013671875
0 0.8212890625 0.5244140625 0.0078125 0.01171875
0 0.826171875 0.505859375 0.01171875 0.01953125
0 0.8251953125 0.4892578125 0.009765625 0.017578125
0 0.77734375 0.4658203125 0.013671875 0.021484375
0 0.8134765625 0.43359375 0.009765625 0.01953125
0 0.716796875 0.4111328125 0.013671875 0.0234375
0 0.71484375 0.162109375 0.01171875 0.01953125
0 0.6796875 0.0693359375 0.01171875 0.015625
0 0.6826171875 0.056640625 0.005859375 0.009765625
0 0.55078125 0.06640625 0.013671875 0.01953125