0 0.60546875 0.7265625 0.052734375 0.07421875
0 0.4921875 0.65234375 0.025390625 0.0390625
0 0.521484375 0.484375 0.01953125 0.03125
0 0.12890625 0.921875 0.01953125 0.033203125
0 0.197265625 0.6376953125 0.017578125 0.029296875
0 0.0517578125 0.58203125 0.01171875 0.021484375
0 0.2607421875 0.3701171875 0.013671875 0.01953125
0 0.2626953125 0.3310546875 0.01953125 0.03125
0 0.3056640625 0.318359375 0.013671875 0.02734375
0 0.41015625 0.2900390625 0.015625 0.025390625
0 0.419921875 0.267578125 0.013671875 0.021484375
0 0.705078125 0.3388671875 0.015625 0.025390625
0 0.0380859375 0.240234375 0.017578125 0.02734375
0 0.0400390625 0.23046875 0.0078125 0.009765625
0 0.05078125 0.326171875 0.01171875 0.017578125
0 0.068359375 0.2919921875 0.0078125 0.013671875
0 0.0947265625 0.306640625 0.015625 0.025390625
0 0.0400390625 0.3076171875 0.005859375 0.009765625
0 0.0380859375 0.373046875 0.0078125 0.01171875
0 0.900390625 0.6005859375 0.0390625 0.060546875
0 0.8818359375 0.7412109375 0.037109375 0.0546875
0 0.8857421875 0.78125 0.01171875 0.01953125
0 0.87109375 0.8466796875 0.013671875 0.021484375
0 0.912109375 0.8486328125 0.017578125 0.025390625
0 0.94140625 0.7626953125 0.01171875 0.017578125
0 0.9130859375 0.7060546875 0.0078125 0.009765625
0 0.9287109375 0.7314453125 0.009765625 0.015625
0 0.748046875 0.5703125 0.021484375 0.03125
0 0.6728515625 0.4375 0.021484375 0.03515625
0 0.64453125 0.390625 0.017578125 0.0234375
0 0.2529296875 0.6025390625 0.01953125 0.02734375
0 0.07421875 0.5283203125 0.015625 0.02734375
0 0.080078125 0.54296875 0.015625 0.029296875
0 0.5048828125 0.1298828125 0.01953125 0.02734375
0 0.6171875 0.1796875 0.04296875 0.064453125
0 0.7734375 0.0087890625 0.02734375 0.017578125
0 0.7080078125 0.228515625 0.041015625 0.060546875
0 0.9033203125 0.2548828125 0.119140625 0.16015625
0 0.4208984375 0.6328125 0.01171875 0.01953125
0 0.353515625 0.5986328125 0.0078125 0.01171875
0 0.2880859375 0.634765625 0.009765625 0.015625
0 0.3125 0.603515625 0.0078125 0.01171875
0 0.3193359375 0.5927734375 0.0078125 0.013671875
0 0.3359375 0.541015625 0.0078125 0.01171875