0 0.66015625 0.40234375 0.3525390625 0.626953125
0 0.5712890625 0.625 0.0810546875 0.12890625
0 0.4765625 0.2685546875 0.1005859375 0.1962890625
0 0.962890625 0.0478515625 0.0576171875 0.0947265625
0 0.8583984375 0.095703125 0.03125 0.048828125
0 0.94140625 0.171875 0.025390625 0.041015625
0 0.2294921875 0.5390625 0.037109375 0.0595703125
0 0.453125 0.8095703125 0.048828125 0.0986328125
0 0.8583984375 0.798828125 0.04296875 0.07421875
0 0.9404296875 0.1689453125 0.0302734375 0.05078125
0 0.134765625 0.974609375 0.041015625 0.05078125
0 0.251953125 0.931640625 0.0234375 0.044921875
0 0.3388671875 0.6875 0.02734375 0.0439453125
0 0.888671875 0.71484375 0.0478515625 0.091796875
0 0.58203125 0.8720703125 0.0439453125 0.1572265625
0 0.4794921875 0.9521484375 0.03515625 0.0517578125
0 0.65625 0.0654296875 0.0498046875 0.06640625
0 0.4453125 0.4716796875 0.0673828125 0.1396484375
0 0.376953125 0.8466796875 0.0234375 0.0546875
0 0.8759765625 0.4736328125 0.03125 0.033203125