0 0.3447265625 0.3994140625 0.421875 0.6796875
0 0.4169921875 0.63671875 0.095703125 0.140625
0 0.546875 0.2763671875 0.12109375 0.2109375
0 0.0673828125 0.02734375 0.060546875 0.0546875
0 0.1689453125 0.064453125 0.037109375 0.052734375
0 0.076171875 0.1357421875 0.029296875 0.044921875
0 0.7783203125 0.5791015625 0.04296875 0.06640625
0 0.5234375 0.837890625 0.05859375 0.107421875
0 0.1044921875 0.791015625 0.05078125 0.080078125
0 0.078125 0.1318359375 0.03515625 0.0546875
0 0.7197265625 0.978515625 0.029296875 0.04296875
0 0.65234375 0.72265625 0.03125 0.048828125
0 0.0810546875 0.7001953125 0.056640625 0.09765625
0 0.384765625 0.8916015625 0.060546875 0.16796875
0 0.4814453125 0.9765625 0.041015625 0.046875
0 0.380859375 0.05078125 0.056640625 0.07421875
0 0.5615234375 0.4892578125 0.08203125 0.150390625
0 0.59765625 0.8837890625 0.029296875 0.05859375
0 0.1171875 0.453125 0.03515625 0.037109375