0 0.6572265625 0.58203125 0.40625 0.6796875
0 0.55078125 0.3525390625 0.09375 0.140625
0 0.470703125 0.732421875 0.115234375 0.212890625
0 0.9814453125 0.931640625 0.037109375 0.08984375
0 0.8828125 0.8935546875 0.03515625 0.052734375
0 0.9658203125 0.8076171875 0.029296875 0.044921875
0 0.1953125 0.4609375 0.04296875 0.06640625
0 0.416015625 0.1640625 0.056640625 0.107421875
0 0.84375 0.1533203125 0.048828125 0.08203125
0 0.9638671875 0.8125 0.03515625 0.0546875
0 0.072265625 0.0283203125 0.04296875 0.015625
0 0.197265625 0.046875 0.02734375 0.048828125
0 0.3017578125 0.298828125 0.03125 0.048828125
0 0.8798828125 0.240234375 0.0546875 0.099609375
0 0.5478515625 0.0908203125 0.0546875 0.16796875
0 0.4365234375 0.021484375 0.0390625 0.0390625
0 0.671875 0.9365234375 0.056640625 0.072265625
0 0.4267578125 0.5205078125 0.078125 0.150390625
0 0.333984375 0.12890625 0.029296875 0.05859375
0 0.87890625 0.4951171875 0.03515625 0.037109375