0 0.21875 0.5 0.4375 1
0 0.6845703125 0.55859375 0.423828125 0.6337890625
0 0.5 0.9228515625 0.09765625 0.154296875
0 0.46484375 0.955078125 0.0244140625 0.0322265625
0 0.74609375 0.96875 0.025390625 0.03515625
0 0.537109375 0.26171875 0.03515625 0.033203125
0 0.5029296875 0.3359375 0.0166015625 0.0244140625
0 0.4736328125 0.3544921875 0.0224609375 0.029296875
0 0.4033203125 0.009765625 0.0244140625 0.01953125
0 0.4248046875 0.033203125 0.021484375 0.0537109375
0 0.447265625 0.0234375 0.017578125 0.02734375
0 0.9287109375 0.3818359375 0.142578125 0.486328125
0 0.947265625 0.7998046875 0.10546875 0.33984375
0 0.9228515625 0.9404296875 0.037109375 0.04296875
0 0.8525390625 0.1953125 0.048828125 0.080078125
0 0.845703125 0.1708984375 0.01953125 0.021484375
0 0.9853515625 0.1455078125 0.0185546875 0.021484375
0 0.9287109375 0.1611328125 0.013671875 0.0166015625
0 0.8896484375 0.2236328125 0.009765625 0.0146484375
0 0.953125 0.126953125 0.01171875 0.015625
0 0.7890625 0.078125 0.021484375 0.025390625
0 0.5205078125 0.06640625 0.0234375 0.025390625
0 0.5546875 0.0126953125 0.0166015625 0.0224609375
0 0.7744140625 0.13671875 0.0107421875 0.0146484375
0 0.5556640625 0.1142578125 0.0166015625 0.0224609375
0 0.42578125 0.21484375 0.009765625 0.0126953125
0 0.44921875 0.205078125 0.0126953125 0.0166015625
0 0.400390625 0.0712890625 0.0224609375 0.033203125
0 0.4267578125 0.087890625 0.0146484375 0.0283203125
0 0.3759765625 0.0537109375 0.01171875 0.017578125
0 0.4736328125 0.0419921875 0.015625 0.017578125
0 0.6240234375 0.197265625 0.01171875 0.0146484375
0 0.7734375 0.16796875 0.01171875 0.013671875
0 0.9072265625 0.046875 0.0087890625 0.013671875
0 0.91796875 0.07421875 0.009765625 0.0126953125
0 0.8544921875 0.0068359375 0.0107421875 0.0107421875
0 0.6689453125 0.1201171875 0.0146484375 0.015625
0 0.6591796875 0.140625 0.013671875 0.013671875
0 0.64453125 0.1611328125 0.015625 0.0224609375
0 0.6220703125 0.1474609375 0.0166015625 0.0185546875
0 0.7060546875 0.025390625 0.0234375 0.029296875
0 0.572265625 0.0830078125 0.015625 0.021484375
0 0.6298828125 0.9541015625 0.017578125 0.02734375
0 0.71484375 0.88671875 0.0107421875 0.017578125
0 0.6630859375 0.91796875 0.0126953125 0.01171875
0 0.703125 0.970703125 0.0126953125 0.033203125
0 0.716796875 0.9765625 0.005859375 0.0087890625
0 0.6640625 0.9033203125 0.0068359375 0.009765625
0 0.8232421875 0.978515625 0.0205078125 0.0263671875
0 0.849609375 0.9853515625 0.01953125 0.0244140625
0 0.900390625 0.9775390625 0.009765625 0.01171875
0 0.9130859375 0.98046875 0.0107421875 0.0126953125
0 0.9013671875 0.994140625 0.0185546875 0.01171875
0 0.8798828125 0.9384765625 0.017578125 0.0263671875
0 0.8779296875 0.8798828125 0.017578125 0.03125
0 0.8056640625 0.8583984375 0.0146484375 0.021484375
0 0.7880859375 0.9228515625 0.01171875 0.013671875
0 0.83984375 0.9208984375 0.0087890625 0.013671875
0 0.6201171875 0.9765625 0.0126953125 0.0146484375
0 0.8857421875 0.392578125 0.0126953125 0.01953125
0 0.8056640625 0.265625 0.013671875 0.017578125
0 0.4423828125 0.5390625 0.009765625 0.0107421875
0 0.4443359375 0.509765625 0.01953125 0.0224609375
0 0.435546875 0.4423828125 0.013671875 0.0146484375
0 0.4453125 0.4794921875 0.01171875 0.013671875
0 0.3974609375 0.1787109375 0.0107421875 0.0146484375