0 0.8876953125 0.126953125 0.083984375 0.142578125
0 0.080078125 0.8271484375 0.052734375 0.078125
0 0.84375 0.97265625 0.11328125 0.0546875
0 0.9296875 0.2861328125 0.064453125 0.109375
0 0.9423828125 0.443359375 0.041015625 0.056640625
0 0.85546875 0.443359375 0.037109375 0.060546875
0 0.890625 0.6513671875 0.080078125 0.138671875
0 0.78515625 0.716796875 0.076171875 0.154296875
0 0.3544921875 0.4482421875 0.0625 0.08984375
0 0.169921875 0.376953125 0.04296875 0.072265625
0 0.265625 0.89453125 0.13671875 0.1875
0 0.47265625 0.982421875 0.04296875 0.03515625
0 0.412109375 0.9599609375 0.037109375 0.064453125
0 0.5224609375 0.1240234375 0.04296875 0.078125
0 0.482421875 0.298828125 0.05078125 0.08203125
0 0.3564453125 0.2431640625 0.046875 0.091796875
0 0.3583984375 0.115234375 0.04296875 0.0625
0 0.4130859375 0.2021484375 0.025390625 0.056640625
0 0.3828125 0.796875 0.03515625 0.0546875
0 0.66796875 0.8232421875 0.04296875 0.056640625
0 0.66015625 0.8935546875 0.041015625 0.05859375
0 0.724609375 0.73828125 0.0390625 0.068359375
0 0.6787109375 0.685546875 0.0390625 0.068359375
0 0.130859375 0.7353515625 0.03515625 0.052734375
0 0.056640625 0.7041015625 0.103515625 0.1875
0 0.037109375 0.9375 0.07421875 0.06640625
0 0.2255859375 0.43359375 0.060546875 0.107421875
0 0.4560546875 0.6328125 0.033203125 0.056640625
0 0.4990234375 0.537109375 0.037109375 0.044921875
0 0.541015625 0.43359375 0.041015625 0.078125
0 0.580078125 0.2998046875 0.033203125 0.05859375
0 0.65234375 0.3017578125 0.033203125 0.046875
0 0.017578125 0.48046875 0.03515625 0.0703125
0 0.025390625 0.2548828125 0.0234375 0.0703125
0 0.0341796875 0.185546875 0.029296875 0.0390625
0 0.783203125 0.3408203125 0.037109375 0.07421875
0 0.759765625 0.251953125 0.033203125 0.04296875
0 0.859375 0.34375 0.037109375 0.068359375
0 0.9716796875 0.54296875 0.0390625 0.06640625
0 0.7685546875 0.1708984375 0.06640625 0.107421875
0 0.94140625 0.06640625 0.05078125 0.076171875
0 0.9716796875 0.1826171875 0.056640625 0.107421875
0 0.65234375 0.521484375 0.060546875 0.103515625
0 0.880859375 0.57421875 0.0390625 0.060546875
0 0.796875 0.4736328125 0.029296875 0.041015625
0 0.1591796875 0.8486328125 0.041015625 0.064453125
0 0.369140625 0.681640625 0.025390625 0.044921875
0 0.4267578125 0.3818359375 0.029296875 0.041015625
0 0.18359375 0.634765625 0.03125 0.0625
0 0.1669921875 0.451171875 0.04296875 0.07421875
0 0.1865234375 0.2841796875 0.0390625 0.05078125
0 0.1884765625 0.224609375 0.05078125 0.060546875
0 0.064453125 0.451171875 0.03125 0.052734375
0 0.0380859375 0.6220703125 0.03125 0.046875
0 0.0078125 0.6513671875 0.015625 0.052734375
0 0.486328125 0.599609375 0.03515625 0.046875
0 0.5927734375 0.912109375 0.03515625 0.048828125
0 0.740234375 0.93359375 0.02734375 0.041015625
0 0.7099609375 0.87109375 0.03125 0.05078125
0 0.9091796875 0.4775390625 0.044921875 0.087890625
0 0.181640625 0.1376953125 0.30078125 0.275390625
0 0.705078125 0.3046875 0.037109375 0.064453125
0 0.47265625 0.11328125 0.03125 0.0390625
0 0.044921875 0.365234375 0.02734375 0.04296875
0 0.93359375 0.8388671875 0.080078125 0.1796875
0 0.69921875 0.2333984375 0.0390625 0.0546875
0 0.328125 0.9228515625 0.033203125 0.052734375
0 0.755859375 0.0986328125 0.029296875 0.037109375
0 0.94140625 0.65234375 0.029296875 0.046875
0 0.5791015625 0.8115234375 0.01953125 0.0390625
0 0.634765625 0.6943359375 0.029296875 0.046875
0 0.6298828125 0.6591796875 0.048828125 0.05078125
0 0.6044921875 0.5712890625 0.021484375 0.0546875
0 0.22265625 0.740234375 0.025390625 0.0390625
0 0.4267578125 0.0380859375 0.01953125 0.04296875
0 0.3291015625 0.5849609375 0.025390625 0.041015625
0 0.8701171875 0.7978515625 0.033203125 0.041015625
0 0.23046875 0.8427734375 0.0390625 0.078125
0 0.134765625 0.5205078125 0.03515625 0.048828125
0 0.1552734375 0.5595703125 0.021484375 0.046875
0 0.6640625 0.1337890625 0.03515625 0.048828125