0 0.7490234375 0.8876953125 0.064453125 0.078125
0 0.7734375 0.818359375 0.0546875 0.083984375
0 0.5830078125 0.7392578125 0.04296875 0.064453125
0 0.6806640625 0.775390625 0.037109375 0.048828125
0 0.7509765625 0.572265625 0.04296875 0.06640625
0 0.3681640625 0.837890625 0.05078125 0.0703125
0 0.7685546875 0.1982421875 0.12109375 0.154296875
0 0.2890625 0.58984375 0.046875 0.078125
0 0.837890625 0.5224609375 0.021484375 0.02734375
0 0.6318359375 0.248046875 0.056640625 0.0859375
0 0.451171875 0.16796875 0.0546875 0.080078125
0 0.3642578125 0.6328125 0.033203125 0.044921875
0 0.6767578125 0.158203125 0.033203125 0.041015625
0 0.6240234375 0.0380859375 0.037109375 0.05078125
0 0.720703125 0.4970703125 0.0234375 0.037109375
0 0.861328125 0.8544921875 0.021484375 0.021484375
0 0.255859375 0.787109375 0.029296875 0.05078125
0 0.3115234375 0.7001953125 0.0625 0.07421875
0 0.216796875 0.4306640625 0.03125 0.046875
0 0.6630859375 0.326171875 0.033203125 0.048828125
0 0.9892578125 0.1923828125 0.021484375 0.064453125
0 0.8642578125 0.3359375 0.025390625 0.046875
0 0.5068359375 0.6064453125 0.025390625 0.041015625
0 0.798828125 0.708984375 0.0390625 0.0546875
0 0.9189453125 0.634765625 0.02734375 0.052734375
0 0.63671875 0.9111328125 0.037109375 0.048828125
0 0.4560546875 0.9296875 0.0390625 0.068359375
0 0.1611328125 0.7861328125 0.0390625 0.056640625
0 0.119140625 0.7685546875 0.05078125 0.0625
0 0.1025390625 0.6171875 0.0390625 0.0546875
0 0.0146484375 0.5 0.029296875 0.05859375
0 0.0712890625 0.43359375 0.044921875 0.060546875
0 0.0205078125 0.3818359375 0.021484375 0.05078125
0 0.12109375 0.2978515625 0.044921875 0.0625
0 0.1630859375 0.8525390625 0.0234375 0.033203125
0 0.1201171875 0.8271484375 0.0234375 0.037109375
0 0.453125 0.0263671875 0.04296875 0.052734375
0 0.4853515625 0.337890625 0.04296875 0.048828125
0 0.44921875 0.3154296875 0.025390625 0.0390625
0 0.4248046875 0.287109375 0.0234375 0.033203125
0 0.330078125 0.1376953125 0.025390625 0.044921875
0 0.0126953125 0.833984375 0.025390625 0.0703125
0 0.2744140625 0.1708984375 0.044921875 0.072265625
0 0.2216796875 0.1640625 0.03515625 0.064453125
0 0.1630859375 0.8525390625 0.01953125 0.03515625
0 0.599609375 0.9697265625 0.02734375 0.03125
0 0.7890625 0.515625 0.046875 0.05859375
0 0.6484375 0.42578125 0.04296875 0.06640625
0 0.6943359375 0.3974609375 0.044921875 0.0546875
0 0.7880859375 0.59765625 0.0234375 0.037109375
0 0.8203125 0.625 0.029296875 0.033203125
0 0.859375 0.6787109375 0.029296875 0.056640625
0 0.5498046875 0.599609375 0.033203125 0.052734375
0 0.51953125 0.5400390625 0.03125 0.052734375
0 0.40234375 0.576171875 0.0234375 0.03515625
0 0.3642578125 0.517578125 0.041015625 0.048828125
0 0.8486328125 0.123046875 0.125 0.15234375
0 0.755859375 0.4580078125 0.095703125 0.15234375
0 0.2177734375 0.646484375 0.0390625 0.0625
0 0.1826171875 0.6455078125 0.0234375 0.033203125
0 0.16015625 0.3857421875 0.03515625 0.046875
0 0.517578125 0.1240234375 0.033203125 0.048828125
0 0.482421875 0.072265625 0.029296875 0.037109375
0 0.6123046875 0.7724609375 0.025390625 0.0390625
0 0.5263671875 0.890625 0.02734375 0.037109375
0 0.662109375 0.984375 0.0234375 0.03125
0 0.662109375 0.935546875 0.025390625 0.0390625
0 0.1787109375 0.9208984375 0.025390625 0.03125
0 0.583984375 0.57421875 0.0390625 0.048828125
0 0.6337890625 0.484375 0.021484375 0.0234375
0 0.8701171875 0.765625 0.021484375 0.029296875
0 0.837890625 0.7578125 0.021484375 0.02734375
0 0.900390625 0.7236328125 0.02734375 0.021484375
0 0.9677734375 0.6943359375 0.015625 0.02734375
0 0.3994140625 0.0576171875 0.037109375 0.05859375
0 0.1337890625 0.939453125 0.025390625 0.01171875
0 0.0888671875 0.92578125 0.017578125 0.021484375
0 0.28515625 0.9375 0.12109375 0.08203125
0 0.310546875 0.8623046875 0.0234375 0.037109375
0 0.326171875 0.8173828125 0.021484375 0.041015625
0 0.7685546875 0.080078125 0.01953125 0.03515625
0 0.6318359375 0.0859375 0.015625 0.025390625
0 0.5146484375 0.2763671875 0.017578125 0.02734375
0 0.490234375 0.2578125 0.017578125 0.029296875
0 0.6435546875 0.2802734375 0.021484375 0.029296875
0 0.6220703125 0.4091796875 0.03125 0.041015625
0 0.521484375 0.6083984375 0.015625 0.025390625
0 0.5244140625 0.5859375 0.01171875 0.017578125
0 0.390625 0.2353515625 0.033203125 0.04296875
0 0.3828125 0.216796875 0.015625 0.0234375
0 0.3173828125 0.46875 0.021484375 0.037109375
0 0.2958984375 0.4580078125 0.01953125 0.033203125
0 0.0166015625 0.771484375 0.021484375 0.02734375
0 0.9736328125 0.455078125 0.015625 0.025390625
0 0.875 0.224609375 0.0234375 0.02734375
0 0.81640625 0.41796875 0.0234375 0.037109375
0 0.759765625 0.3837890625 0.0234375 0.041015625
0 0.7587890625 0.3447265625 0.01953125 0.03125
0 0.7412109375 0.3349609375 0.0234375 0.041015625
0 0.796875 0.330078125 0.015625 0.0234375
0 0.8857421875 0.1474609375 0.01953125 0.03125
0 0.873046875 0.17578125 0.01953125 0.033203125
0 0.8515625 0.2109375 0.01953125 0.02734375
0 0.484375 0.515625 0.017578125 0.02734375
0 0.4873046875 0.494140625 0.015625 0.0234375
0 0.2333984375 0.3798828125 0.015625 0.025390625
0 0.08984375 0.29296875 0.017578125 0.02734375
0 0.23046875 0.5400390625 0.017578125 0.025390625
0 0.0458984375 0.685546875 0.021484375 0.03125
0 0.0419921875 0.865234375 0.013671875 0.01953125
0 0.16796875 0.9384765625 0.017578125 0.0234375
0 0.1552734375 0.9453125 0.01171875 0.005859375
0 0.1572265625 0.9072265625 0.013671875 0.021484375
0 0.5078125 0.90234375 0.01953125 0.02734375
0 0.5478515625 0.94921875 0.015625 0.01953125
0 0.814453125 0.9423828125 0.013671875 0.021484375
0 0.9541015625 0.466796875 0.015625 0.025390625
0 0.962890625 0.08203125 0.017578125 0.017578125
0 0.56640625 0.4619140625 0.017578125 0.025390625
0 0.462890625 0.6240234375 0.01953125 0.029296875
0 0.4248046875 0.71875 0.01953125 0.02734375
0 0.37890625 0.705078125 0.013671875 0.0234375
0 0.3662109375 0.705078125 0.013671875 0.021484375
0 0.37890625 0.7724609375 0.025390625 0.03515625
0 0.3798828125 0.7490234375 0.017578125 0.025390625
0 0.962890625 0.3486328125 0.013671875 0.021484375
0 0.767578125 0.9609375 0.01953125 0.02734375
0 0.732421875 0.9609375 0.0234375 0.03515625
0 0.7470703125 0.9970703125 0.017578125 0.005859375
0 0.642578125 0.9609375 0.01953125 0.029296875
0 0.5966796875 0.873046875 0.015625 0.025390625
0 0.58984375 0.9169921875 0.03125 0.046875
0 0.580078125 0.9697265625 0.025390625 0.044921875
0 0.556640625 0.966796875 0.01953125 0.03515625
0 0.6640625 0.6669921875 0.017578125 0.025390625
0 0.6708984375 0.740234375 0.01953125 0.033203125
0 0.6455078125 0.728515625 0.015625 0.021484375
0 0.7119140625 0.796875 0.021484375 0.033203125
0 0.70703125 0.9228515625 0.037109375 0.072265625
0 0.7314453125 0.833984375 0.021484375 0.033203125
0 0.751953125 0.7890625 0.01953125 0.02734375
0 0.6796875 0.81640625 0.01953125 0.025390625
0 0.66015625 0.8916015625 0.01953125 0.033203125
0 0.5791015625 0.685546875 0.01953125 0.029296875
0 0.5615234375 0.6689453125 0.017578125 0.03125
0 0.609375 0.634765625 0.017578125 0.02734375
0 0.6064453125 0.611328125 0.017578125 0.03125
0 0.5146484375 0.6962890625 0.015625 0.025390625
0 0.4697265625 0.7119140625 0.015625 0.029296875
0 0.45703125 0.716796875 0.01171875 0.0234375
0 0.431640625 0.8408203125 0.015625 0.025390625
0 0.2470703125 0.2080078125 0.029296875 0.044921875
0 0.4033203125 0.3701171875 0.033203125 0.056640625
0 0.3515625 0.4267578125 0.021484375 0.033203125
0 0.330078125 0.4228515625 0.01953125 0.03125
0 0.3017578125 0.421875 0.01953125 0.02734375
0 0.328125 0.4033203125 0.015625 0.025390625
0 0.314453125 0.3994140625 0.013671875 0.01953125
0 0.345703125 0.404296875 0.013671875 0.021484375
0 0.3544921875 0.390625 0.015625 0.0234375
0 0.353515625 0.3603515625 0.013671875 0.021484375
0 0.3369140625 0.4609375 0.01953125 0.03125
0 0.3583984375 0.462890625 0.025390625 0.0390625
0 0.0791015625 0.796875 0.05859375 0.091796875
0 0.845703125 0.482421875 0.01171875 0.021484375
0 0.7666015625 0.6796875 0.017578125 0.021484375
0 0.8046875 0.65234375 0.021484375 0.02734375
0 0.7275390625 0.6953125 0.017578125 0.03125
0 0.716796875 0.7333984375 0.017578125 0.02734375
0 0.703125 0.7607421875 0.01953125 0.03125
0 0.7197265625 0.5634765625 0.01953125 0.025390625
0 0.685546875 0.595703125 0.015625 0.025390625
0 0.650390625 0.4775390625 0.013671875 0.02734375
0 0.568359375 0.5400390625 0.013671875 0.01953125
0 0.3876953125 0.111328125 0.025390625 0.037109375
0 0.400390625 0.111328125 0.013671875 0.017578125
0 0.4169921875 0.125 0.009765625 0.017578125
0 0.423828125 0.0849609375 0.015625 0.0234375
0 0.42578125 0.1689453125 0.017578125 0.025390625
0 0.4326171875 0.1318359375 0.013671875 0.0234375
0 0.4345703125 0.2138671875 0.017578125 0.02734375
0 0.4677734375 0.255859375 0.01171875 0.017578125
0 0.4462890625 0.25390625 0.029296875 0.05078125
0 0.50390625 0.158203125 0.0234375 0.0390625
0 0.494140625 0.1201171875 0.03125 0.05859375
0 0.5244140625 0.091796875 0.0234375 0.0390625
0 0.537109375 0.07421875 0.017578125 0.029296875
0 0.5439453125 0.0625 0.015625 0.025390625
0 0.5751953125 0.041015625 0.05078125 0.076171875
0 0.54296875 0.017578125 0.03125 0.03515625
0 0.0986328125 0.17578125 0.017578125 0.029296875
0 0.0341796875 0.3623046875 0.01171875 0.015625
0 0.0029296875 0.79296875 0.005859375 0.02734375