0 0.1884765625 0.1728515625 0.0517578125 0.0673828125
0 0.177734375 0.2451171875 0.0400390625 0.076171875
0 0.375 0.287109375 0.0322265625 0.05859375
0 0.2744140625 0.26953125 0.0302734375 0.0439453125
0 0.240234375 0.478515625 0.03125 0.060546875
0 0.564453125 0.15625 0.0380859375 0.064453125
0 0.287109375 0.8408203125 0.0966796875 0.13671875
0 0.6826171875 0.3818359375 0.0341796875 0.0712890625
0 0.1650390625 0.5400390625 0.015625 0.025390625
0 0.4111328125 0.76953125 0.04296875 0.078125
0 0.5986328125 0.81640625 0.041015625 0.0712890625
0 0.6025390625 0.353515625 0.0263671875 0.0400390625
0 0.3828125 0.8642578125 0.0263671875 0.03515625
0 0.4541015625 0.970703125 0.0283203125 0.0458984375
0 0.283203125 0.544921875 0.0185546875 0.033203125
0 0.0869140625 0.224609375 0.017578125 0.0185546875
0 0.681640625 0.185546875 0.021484375 0.0458984375
0 0.6435546875 0.2802734375 0.0498046875 0.0654296875
0 0.7802734375 0.5234375 0.0224609375 0.0419921875
0 0.3671875 0.69921875 0.025390625 0.0439453125
0 0.0615234375 0.8876953125 0.0400390625 0.056640625
0 0.171875 0.724609375 0.0185546875 0.0439453125
0 0.470703125 0.4033203125 0.01953125 0.0380859375
0 0.1708984375 0.353515625 0.0302734375 0.048828125
0 0.068359375 0.4462890625 0.01953125 0.048828125
0 0.2939453125 0.1318359375 0.0283203125 0.0439453125
0 0.46484375 0.0830078125 0.0263671875 0.064453125
0 0.7734375 0.1708984375 0.0302734375 0.05078125
0 0.8173828125 0.181640625 0.041015625 0.0546875
0 0.859375 0.32421875 0.0302734375 0.048828125
0 0.9736328125 0.4228515625 0.0400390625 0.052734375
0 0.919921875 0.49609375 0.0341796875 0.0546875
0 0.9853515625 0.5361328125 0.029296875 0.048828125
0 0.89453125 0.6337890625 0.0341796875 0.056640625
0 0.7607421875 0.107421875 0.017578125 0.029296875
0 0.806640625 0.125 0.017578125 0.033203125
0 0.6220703125 0.95703125 0.033203125 0.056640625
0 0.537109375 0.658203125 0.0341796875 0.0419921875
0 0.576171875 0.673828125 0.01953125 0.0361328125
0 0.6044921875 0.6962890625 0.017578125 0.029296875
0 0.720703125 0.8251953125 0.0185546875 0.0419921875
0 0.916015625 0.0986328125 0.0283203125 0.0654296875
0 0.7685546875 0.7841796875 0.033203125 0.0654296875
0 0.8203125 0.78125 0.0244140625 0.05859375
0 0.759765625 0.107421875 0.013671875 0.033203125
0 0.3193359375 0.0693359375 0.0234375 0.02734375
0 0.2138671875 0.5390625 0.037109375 0.052734375
0 0.36328125 0.6005859375 0.03125 0.060546875
0 0.3251953125 0.63671875 0.0361328125 0.0478515625
0 0.201171875 0.4599609375 0.017578125 0.033203125
0 0.166015625 0.439453125 0.0234375 0.029296875
0 0.1181640625 0.3935546875 0.01953125 0.052734375
0 0.4296875 0.4169921875 0.025390625 0.048828125
0 0.4697265625 0.4697265625 0.021484375 0.048828125
0 0.576171875 0.4150390625 0.0185546875 0.03125
0 0.6240234375 0.46484375 0.0322265625 0.0419921875
0 0.2236328125 0.9306640625 0.1015625 0.138671875
0 0.2548828125 0.5888671875 0.0703125 0.1396484375
0 0.7431640625 0.3154296875 0.0283203125 0.056640625
0 0.7763671875 0.310546875 0.017578125 0.029296875
0 0.841796875 0.5576171875 0.0263671875 0.0419921875
0 0.5419921875 0.8701171875 0.0244140625 0.0439453125
0 0.5859375 0.9140625 0.0234375 0.033203125
0 0.3408203125 0.2607421875 0.01953125 0.0361328125
0 0.4033203125 0.1328125 0.0205078125 0.033203125
0 0.2568359375 0.0634765625 0.01953125 0.02734375
0 0.2646484375 0.11328125 0.0185546875 0.0361328125
0 0.1005859375 0.0537109375 0.013671875 0.0234375
0 0.7333984375 0.0439453125 0.01953125 0.02734375
0 0.4013671875 0.447265625 0.03125 0.0419921875
0 0.369140625 0.54296875 0.0166015625 0.0205078125
0 0.09375 0.3115234375 0.0166015625 0.0263671875
0 0.125 0.3125 0.017578125 0.0244140625
0 0.072265625 0.357421875 0.0244140625 0.0166015625
0 0.0107421875 0.396484375 0.0146484375 0.025390625
0 0.66796875 0.9140625 0.0283203125 0.0537109375
0 0.0224609375 0.046875 0.0205078125 0.0380859375
0 0.7744140625 0.01171875 0.0244140625 0.0234375
0 0.8193359375 0.0205078125 0.013671875 0.02734375
0 0.62890625 0.0390625 0.109375 0.078125
0 0.6162109375 0.123046875 0.017578125 0.03515625
0 0.6083984375 0.1689453125 0.013671875 0.037109375
0 0.3076171875 0.955078125 0.013671875 0.03125
0 0.4384765625 0.92578125 0.01171875 0.0244140625
0 0.5185546875 0.72265625 0.013671875 0.025390625
0 0.5458984375 0.736328125 0.01171875 0.02734375
0 0.3935546875 0.740234375 0.015625 0.0263671875
0 0.392578125 0.6123046875 0.0234375 0.0361328125
0 0.4560546875 0.404296875 0.01171875 0.0224609375
0 0.45703125 0.4267578125 0.0087890625 0.015625
0 0.6455078125 0.7412109375 0.02734375 0.0380859375
0 0.6572265625 0.7587890625 0.0126953125 0.021484375
0 0.6767578125 0.50390625 0.0166015625 0.03515625
0 0.6982421875 0.5107421875 0.013671875 0.0302734375
0 0.9150390625 0.16015625 0.015625 0.0244140625
0 0.0458984375 0.62890625 0.0126953125 0.0224609375
0 0.1796875 0.833984375 0.0185546875 0.025390625
0 0.2041015625 0.6376953125 0.0185546875 0.03515625
0 0.2646484375 0.6611328125 0.0166015625 0.0380859375
0 0.2724609375 0.69921875 0.015625 0.02734375
0 0.291015625 0.7041015625 0.0166015625 0.0380859375
0 0.2373046875 0.71875 0.01171875 0.021484375
0 0.1826171875 0.91015625 0.015625 0.0283203125
0 0.1904296875 0.880859375 0.013671875 0.0302734375
0 0.205078125 0.8427734375 0.015625 0.0244140625
0 0.5078125 0.486328125 0.01171875 0.025390625
0 0.5078125 0.5087890625 0.01171875 0.021484375
0 0.7724609375 0.576171875 0.01171875 0.0224609375
0 0.92578125 0.6337890625 0.013671875 0.0244140625
0 0.748046875 0.4208984375 0.0126953125 0.0244140625
0 0.9013671875 0.248046875 0.017578125 0.029296875
0 0.8740234375 0.07421875 0.009765625 0.017578125
0 0.7412109375 0.0234375 0.0126953125 0.025390625
0 0.751953125 0.009765625 0.0107421875 0.01953125
0 0.755859375 0.0537109375 0.009765625 0.01953125
0 0.419921875 0.1181640625 0.015625 0.0244140625
0 0.373046875 0.0791015625 0.01171875 0.017578125
0 0.1162109375 0.1318359375 0.009765625 0.0205078125
0 0.125 0.0537109375 0.01171875 0.025390625
0 0.07421875 0.01171875 0.0146484375 0.0234375
0 0.0625 0.61328125 0.01171875 0.0224609375
0 0.12109375 0.990234375 0.0146484375 0.01953125
0 0.4375 0.552734375 0.0126953125 0.0244140625
0 0.509765625 0.37890625 0.0146484375 0.0263671875
0 0.5302734375 0.28125 0.0146484375 0.0244140625
0 0.578125 0.287109375 0.0107421875 0.021484375
0 0.5888671875 0.283203125 0.009765625 0.01953125
0 0.5654296875 0.2216796875 0.01953125 0.03125
0 0.5693359375 0.244140625 0.01171875 0.0244140625
0 0.07421875 0.728515625 0.0087890625 0.0205078125
0 0.158203125 0.10546875 0.0146484375 0.025390625
0 0.193359375 0.099609375 0.017578125 0.0322265625
0 0.1708984375 0.0576171875 0.013671875 0.025390625
0 0.2138671875 0.0185546875 0.01171875 0.01953125
0 0.2783203125 0.0849609375 0.015625 0.0263671875
0 0.337890625 0.1611328125 0.01171875 0.0224609375
0 0.3369140625 0.1181640625 0.0224609375 0.04296875
0 0.3388671875 0.0654296875 0.017578125 0.0419921875
0 0.361328125 0.064453125 0.013671875 0.03125
0 0.30859375 0.3720703125 0.013671875 0.0224609375
0 0.2890625 0.3017578125 0.013671875 0.0302734375
0 0.31640625 0.30859375 0.01171875 0.01953125
0 0.240234375 0.25390625 0.015625 0.0302734375
0 0.2236328125 0.1318359375 0.025390625 0.0673828125
0 0.2158203125 0.2216796875 0.015625 0.0302734375
0 0.2021484375 0.2685546875 0.0146484375 0.025390625
0 0.2685546875 0.23046875 0.015625 0.021484375
0 0.2744140625 0.1552734375 0.013671875 0.0302734375
0 0.3876953125 0.3388671875 0.013671875 0.0263671875
0 0.4072265625 0.3525390625 0.013671875 0.029296875
0 0.3671875 0.392578125 0.0126953125 0.025390625
0 0.3740234375 0.4150390625 0.0126953125 0.0302734375
0 0.447265625 0.3173828125 0.01171875 0.0224609375
0 0.48828125 0.2958984375 0.01171875 0.0263671875
0 0.5 0.2880859375 0.0087890625 0.021484375
0 0.5029296875 0.1650390625 0.0126953125 0.0224609375
0 0.7890625 0.7431640625 0.021484375 0.041015625
0 0.611328125 0.61328125 0.0234375 0.052734375
0 0.6513671875 0.548828125 0.015625 0.0302734375
0 0.671875 0.55078125 0.013671875 0.02734375
0 0.69921875 0.546875 0.0146484375 0.025390625
0 0.677734375 0.5693359375 0.009765625 0.0244140625
0 0.69140625 0.5693359375 0.009765625 0.017578125
0 0.66015625 0.5712890625 0.009765625 0.0205078125
0 0.6533203125 0.5849609375 0.01171875 0.021484375
0 0.66015625 0.615234375 0.009765625 0.01953125
0 0.6591796875 0.5146484375 0.0146484375 0.02734375
0 0.6376953125 0.5166015625 0.017578125 0.0361328125
0 0.8505859375 0.1474609375 0.0439453125 0.083984375
0 0.1650390625 0.580078125 0.0087890625 0.01953125
0 0.20703125 0.376953125 0.013671875 0.017578125
0 0.17578125 0.4091796875 0.0166015625 0.025390625
0 0.2421875 0.3544921875 0.01171875 0.029296875
0 0.2470703125 0.31640625 0.013671875 0.0244140625
0 0.2548828125 0.2880859375 0.013671875 0.02734375
0 0.068359375 0.072265625 0.0126953125 0.017578125
0 0.08203125 0.072265625 0.009765625 0.0224609375
0 0.07421875 0.056640625 0.0087890625 0.017578125
0 0.2724609375 0.4814453125 0.0166015625 0.021484375
0 0.30078125 0.443359375 0.0126953125 0.0224609375
0 0.353515625 0.5517578125 0.009765625 0.025390625
0 0.4228515625 0.478515625 0.009765625 0.017578125
0 0.6689453125 0.8603515625 0.01953125 0.0322265625
0 0.658203125 0.8623046875 0.009765625 0.0166015625
0 0.638671875 0.8515625 0.0078125 0.015625
0 0.6396484375 0.892578125 0.01171875 0.021484375
0 0.623046875 0.8115234375 0.01171875 0.0244140625
0 0.6220703125 0.84765625 0.0107421875 0.021484375
0 0.607421875 0.76953125 0.013671875 0.0244140625
0 0.5673828125 0.7333984375 0.009765625 0.015625
0 0.5888671875 0.7333984375 0.0205078125 0.0458984375
0 0.5498046875 0.833984375 0.017578125 0.0361328125
0 0.564453125 0.8701171875 0.021484375 0.0537109375
0 0.541015625 0.90234375 0.017578125 0.0361328125
0 0.53125 0.921875 0.0126953125 0.02734375
0 0.5263671875 0.93359375 0.0126953125 0.0224609375
0 0.5009765625 0.962890625 0.0380859375 0.07421875
0 0.5361328125 0.98046875 0.025390625 0.0390625
0 0.9375 0.7490234375 0.0126953125 0.02734375
0 0.99609375 0.8037109375 0.0078125 0.021484375
0 0.9677734375 0.55859375 0.009765625 0.0146484375
0 0.9306640625 0.1357421875 0.013671875 0.025390625