0 0.3798828125 0.31640625 0.21875 0.34375
0 0.373046875 0.17578125 0.03125 0.048828125
0 0.4609375 0.44140625 0.029296875 0.048828125
0 0.2724609375 0.5322265625 0.046875 0.06640625
0 0.146484375 0.7333984375 0.03515625 0.060546875
0 0.8154296875 0.55078125 0.255859375 0.419921875
0 0.8125 0.38671875 0.029296875 0.041015625
0 0.9140625 0.0810546875 0.05859375 0.087890625
0 0.7421875 0.921875 0.076171875 0.099609375
0 0.111328125 0.9580078125 0.0546875 0.083984375
0 0.3525390625 0.9453125 0.029296875 0.05078125
0 0.0625 0.7939453125 0.025390625 0.0390625
0 0.3896484375 0.6416015625 0.029296875 0.04296875
0 0.4296875 0.6494140625 0.02734375 0.04296875
0 0.435546875 0.791015625 0.037109375 0.060546875
0 0.4912109375 0.7099609375 0.037109375 0.056640625
0 0.2919921875 0.775390625 0.052734375 0.087890625
0 0.3310546875 0.751953125 0.029296875 0.044921875
0 0.3505859375 0.69921875 0.083984375 0.166015625
0 0.369140625 0.6318359375 0.0078125 0.01171875
0 0.2587890625 0.6220703125 0.01171875 0.01953125
0 0.26953125 0.6240234375 0.017578125 0.029296875
0 0.294921875 0.888671875 0.021484375 0.033203125
0 0.263671875 0.857421875 0.025390625 0.041015625
0 0.296875 0.8466796875 0.01171875 0.017578125
0 0.1953125 0.748046875 0.05078125 0.06640625
0 0.166015625 0.7763671875 0.01171875 0.017578125
0 0.2158203125 0.990234375 0.01171875 0.017578125
0 0.154296875 0.9765625 0.01171875 0.017578125
0 0.181640625 0.9716796875 0.0078125 0.013671875
0 0.1875 0.990234375 0.01171875 0.01953125
0 0.134765625 0.90625 0.01171875 0.015625
0 0.1357421875 0.3935546875 0.013671875 0.021484375
0 0.162109375 0.552734375 0.015625 0.025390625
0 0.1806640625 0.4423828125 0.013671875 0.021484375
0 0.2021484375 0.4423828125 0.015625 0.025390625
0 0.1943359375 0.51171875 0.021484375 0.03515625
0 0.1796875 0.5107421875 0.015625 0.025390625
0 0.2158203125 0.564453125 0.009765625 0.017578125
0 0.25 0.3984375 0.033203125 0.048828125
0 0.2265625 0.408203125 0.025390625 0.04296875
0 0.1806640625 0.3955078125 0.0234375 0.0390625
0 0.166015625 0.380859375 0.0078125 0.009765625
0 0.2431640625 0.3515625 0.03125 0.044921875
0 0.2900390625 0.412109375 0.009765625 0.015625
0 0.29296875 0.4248046875 0.009765625 0.013671875
0 0.0849609375 0.2763671875 0.01171875 0.017578125
0 0.265625 0.2578125 0.01171875 0.017578125
0 0.2158203125 0.283203125 0.009765625 0.015625
0 0.1640625 0.2177734375 0.09765625 0.203125
0 0.1435546875 0.1484375 0.015625 0.0234375
0 0.1123046875 0.162109375 0.01953125 0.03125
0 0.1201171875 0.1064453125 0.025390625 0.03515625
0 0.24609375 0.0947265625 0.021484375 0.03515625
0 0.2060546875 0.1689453125 0.015625 0.02734375
0 0.2412109375 0.1787109375 0.01171875 0.017578125
0 0.228515625 0.166015625 0.015625 0.021484375
0 0.1962890625 0.1220703125 0.01171875 0.017578125
0 0.1923828125 0.1025390625 0.015625 0.021484375
0 0.267578125 0.123046875 0.017578125 0.025390625
0 0.314453125 0.509765625 0.01953125 0.03125
0 0.33203125 0.5146484375 0.01171875 0.01953125
0 0.3349609375 0.5029296875 0.01171875 0.01953125
0 0.208984375 0.6767578125 0.013671875 0.021484375
0 0.2958984375 0.9912109375 0.0078125 0.01171875
0 0.1904296875 0.59375 0.013671875 0.021484375
0 0.484375 0.8681640625 0.013671875 0.017578125
0 0.482421875 0.923828125 0.0078125 0.013671875
0 0.48828125 0.9248046875 0.0078125 0.013671875
0 0.6015625 0.865234375 0.01953125 0.029296875
0 0.6142578125 0.830078125 0.017578125 0.02734375
0 0.6396484375 0.935546875 0.021484375 0.03125
0 0.6083984375 0.5537109375 0.015625 0.0234375
0 0.6435546875 0.5888671875 0.009765625 0.017578125
0 0.5576171875 0.4521484375 0.013671875 0.0234375
0 0.4833984375 0.4013671875 0.029296875 0.046875
0 0.587890625 0.3544921875 0.041015625 0.0703125
0 0.6259765625 0.4150390625 0.05859375 0.09765625
0 0.591796875 0.451171875 0.013671875 0.021484375
0 0.5888671875 0.5 0.013671875 0.0234375
0 0.580078125 0.541015625 0.01171875 0.01953125
0 0.60546875 0.798828125 0.009765625 0.015625
0 0.595703125 0.8427734375 0.009765625 0.013671875
0 0.6689453125 0.76171875 0.009765625 0.015625
0 0.724609375 0.8251953125 0.0078125 0.013671875
0 0.7890625 0.7998046875 0.0078125 0.013671875
0 0.8134765625 0.927734375 0.03125 0.0390625
0 0.8193359375 0.9423828125 0.01171875 0.015625
0 0.8203125 0.8798828125 0.0078125 0.013671875
0 0.90234375 0.830078125 0.0078125 0.013671875
0 0.8486328125 0.8017578125 0.0078125 0.013671875
0 0.8173828125 0.8232421875 0.005859375 0.009765625
0 0.8173828125 0.76953125 0.0078125 0.01171875
0 0.8974609375 0.748046875 0.01953125 0.02734375
0 0.90234375 0.787109375 0.029296875 0.04296875
0 0.92578125 0.7548828125 0.017578125 0.025390625
0 0.9873046875 0.71875 0.025390625 0.04296875
0 0.994140625 0.837890625 0.01171875 0.03515625
0 0.9599609375 0.90234375 0.013671875 0.0234375
0 0.3330078125 0.0361328125 0.03515625 0.03515625
0 0.55078125 0.0517578125 0.033203125 0.0546875
0 0.8740234375 0.0107421875 0.048828125 0.021484375
0 0.814453125 0.0078125 0.01953125 0.015625
0 0.9267578125 0.265625 0.0234375 0.037109375
0 0.689453125 0.171875 0.021484375 0.033203125
0 0.861328125 0.662109375 0.029296875 0.044921875
0 0.919921875 0.6875 0.01953125 0.03125
0 0.9072265625 0.4736328125 0.01953125 0.03125
0 0.880859375 0.4619140625 0.017578125 0.0234375
0 0.9189453125 0.4912109375 0.015625 0.021484375
0 0.9267578125 0.3955078125 0.033203125 0.056640625