0 0.53125 0.2705078125 0.1328125 0.2578125
0 0.5810546875 0.3095703125 0.01171875 0.025390625
0 0.4658203125 0.013671875 0.033203125 0.02734375
0 0.546875 0.0732421875 0.017578125 0.03125
0 0.4130859375 0.28125 0.009765625 0.015625
0 0.525390625 0.01953125 0.015625 0.02734375
0 0.5244140625 0.052734375 0.009765625 0.015625
0 0.5087890625 0.0927734375 0.005859375 0.013671875
0 0.533203125 0.50390625 0.0078125 0.01171875
0 0.5830078125 0.5126953125 0.005859375 0.013671875
0 0.8984375 0.1474609375 0.041015625 0.0703125
0 0.724609375 0.3134765625 0.052734375 0.091796875
0 0.291015625 0.796875 0.046875 0.078125
0 0.7724609375 0.7421875 0.21484375 0.390625
0 0.7041015625 0.75 0.037109375 0.0625
0 0.642578125 0.9521484375 0.041015625 0.07421875
0 0.416015625 0.912109375 0.025390625 0.041015625
0 0.064453125 0.2216796875 0.0390625 0.06640625
0 0.1240234375 0.24609375 0.013671875 0.021484375
0 0.1220703125 0.21875 0.009765625 0.021484375
0 0.1103515625 0.19140625 0.013671875 0.021484375
0 0.1015625 0.1787109375 0.009765625 0.017578125
0 0.26171875 0.1044921875 0.02734375 0.04296875
0 0.2509765625 0.16015625 0.013671875 0.0234375
0 0.2587890625 0.1640625 0.009765625 0.015625
0 0.23828125 0.2177734375 0.009765625 0.015625
0 0.2470703125 0.24609375 0.009765625 0.017578125
0 0.2607421875 0.24609375 0.009765625 0.015625
0 0.3076171875 0.314453125 0.013671875 0.021484375
0 0.3291015625 0.2890625 0.015625 0.021484375
0 0.3359375 0.291015625 0.005859375 0.009765625
0 0.3154296875 0.6298828125 0.015625 0.025390625
0 0.3447265625 0.6015625 0.009765625 0.013671875
0 0.3662109375 0.576171875 0.017578125 0.0234375
0 0.3154296875 0.6806640625 0.01171875 0.017578125
0 0.4150390625 0.78515625 0.013671875 0.021484375
0 0.349609375 0.8408203125 0.01171875 0.013671875
0 0.3701171875 0.833984375 0.009765625 0.013671875
0 0.21484375 0.650390625 0.01953125 0.029296875
0 0.2509765625 0.6552734375 0.009765625 0.015625
0 0.2587890625 0.4501953125 0.013671875 0.021484375
0 0.212890625 0.5087890625 0.0078125 0.009765625
0 0.224609375 0.4775390625 0.0078125 0.015625
0 0.1708984375 0.275390625 0.01171875 0.021484375
0 0.1669921875 0.0810546875 0.01171875 0.021484375
0 0.134765625 0.16796875 0.009765625 0.015625
0 0.2021484375 0.125 0.0078125 0.013671875
0 0.2919921875 0.5361328125 0.01171875 0.01953125
0 0.3349609375 0.5693359375 0.017578125 0.029296875
0 0.33203125 0.5537109375 0.01171875 0.017578125
0 0.6650390625 0.1513671875 0.02734375 0.04296875
0 0.66015625 0.1884765625 0.021484375 0.03515625
0 0.673828125 0.140625 0.0078125 0.017578125
0 0.72265625 0.205078125 0.01171875 0.017578125
0 0.794921875 0.2724609375 0.013671875 0.021484375
0 0.0986328125 0.888671875 0.015625 0.029296875
0 0.169921875 0.8896484375 0.015625 0.02734375
0 0.0888671875 0.7548828125 0.07421875 0.12890625
0 0.115234375 0.7314453125 0.013671875 0.021484375
0 0.12890625 0.7802734375 0.01171875 0.021484375
0 0.1220703125 0.7705078125 0.01171875 0.017578125
0 0.1865234375 0.7724609375 0.01953125 0.03125
0 0.03515625 0.759765625 0.017578125 0.025390625
0 0.150390625 0.611328125 0.01171875 0.017578125
0 0.1630859375 0.6943359375 0.013671875 0.0234375
0 0.2734375 0.962890625 0.01953125 0.03125
0 0.306640625 0.865234375 0.009765625 0.01953125
0 0.1552734375 0.9306640625 0.01171875 0.017578125
0 0.197265625 0.9912109375 0.009765625 0.013671875
0 0.2099609375 0.951171875 0.0078125 0.01171875
0 0.296875 0.9755859375 0.0078125 0.013671875
0 0.140625 0.994140625 0.0078125 0.01171875
0 0.1025390625 0.951171875 0.009765625 0.01953125
0 0.0498046875 0.9638671875 0.009765625 0.015625
0 0.1240234375 0.900390625 0.015625 0.025390625
0 0.076171875 0.8447265625 0.009765625 0.017578125
0 0.234375 0.748046875 0.009765625 0.017578125
0 0.34765625 0.99609375 0.01953125 0.0078125
0 0.3388671875 0.9873046875 0.017578125 0.025390625
0 0.267578125 0.6982421875 0.017578125 0.025390625
0 0.130859375 0.4990234375 0.009765625 0.017578125
0 0.1640625 0.560546875 0.009765625 0.017578125
0 0.259765625 0.5361328125 0.025390625 0.041015625
0 0.244140625 0.5712890625 0.01171875 0.017578125
0 0.2412109375 0.5517578125 0.017578125 0.0234375
0 0.5869140625 0.55859375 0.029296875 0.048828125
0 0.50390625 0.7646484375 0.013671875 0.0234375
0 0.62109375 0.8125 0.015625 0.0234375
0 0.6123046875 0.8017578125 0.01171875 0.01953125
0 0.6123046875 0.787109375 0.009765625 0.015625
0 0.572265625 0.8623046875 0.013671875 0.01953125
0 0.5869140625 0.9326171875 0.01171875 0.021484375
0 0.4521484375 0.873046875 0.01171875 0.021484375
0 0.328125 0.05859375 0.015625 0.025390625
0 0.3505859375 0.0380859375 0.013671875 0.01953125
0 0.359375 0.19140625 0.009765625 0.015625
0 0.3935546875 0.19140625 0.0078125 0.01171875