0 0.8818359375 0.1826171875 0.150390625 0.2421875
0 0.77734375 0.4912109375 0.044921875 0.06640625
0 0.447265625 0.6337890625 0.048828125 0.0703125
0 0.447265625 0.9697265625 0.04296875 0.060546875
0 0.384765625 0.900390625 0.025390625 0.0390625
0 0.740234375 0.9931640625 0.04296875 0.013671875
0 0.9794921875 0.296875 0.021484375 0.037109375
0 0.923828125 0.3359375 0.0234375 0.037109375
0 0.90234375 0.36328125 0.0234375 0.03515625
0 0.80078125 0.12890625 0.017578125 0.02734375
0 0.935546875 0.13671875 0.017578125 0.025390625
0 0.951171875 0.0830078125 0.015625 0.0234375
0 0.427734375 0.4775390625 0.029296875 0.044921875
0 0.62109375 0.064453125 0.060546875 0.09375
0 0.626953125 0.0224609375 0.013671875 0.017578125
0 0.681640625 0.7978515625 0.02734375 0.0390625
0 0.6513671875 0.814453125 0.033203125 0.046875
0 0.1953125 0.52734375 0.044921875 0.06640625
0 0.181640625 0.54296875 0.013671875 0.021484375
0 0.20703125 0.4482421875 0.01953125 0.03125
0 0.0458984375 0.828125 0.03125 0.044921875
0 0.0888671875 0.646484375 0.0234375 0.033203125
0 0.0302734375 0.689453125 0.021484375 0.03515625
0 0.033203125 0.638671875 0.033203125 0.048828125
0 0.005859375 0.625 0.01171875 0.05078125
0 0.5869140625 0.6533203125 0.015625 0.025390625
0 0.552734375 0.6591796875 0.01953125 0.03125
0 0.353515625 0.828125 0.09765625 0.13671875
0 0.2939453125 0.931640625 0.080078125 0.087890625
0 0.8046875 0.064453125 0.033203125 0.041015625
0 0.76953125 0.0576171875 0.029296875 0.0390625
0 0.6748046875 0.2138671875 0.01953125 0.02734375
0 0.1513671875 0.107421875 0.02734375 0.0390625
0 0.0751953125 0.3955078125 0.02734375 0.044921875
0 0.66015625 0.2568359375 0.0234375 0.0390625
0 0.609375 0.2724609375 0.021484375 0.033203125
0 0.7236328125 0.3291015625 0.021484375 0.033203125
0 0.58984375 0.1884765625 0.01953125 0.033203125
0 0.560546875 0.154296875 0.01953125 0.029296875
0 0.81640625 0.8291015625 0.015625 0.02734375
0 0.91796875 0.9912109375 0.0078125 0.017578125
0 0.5029296875 0.849609375 0.01953125 0.02734375
0 0.4560546875 0.6923828125 0.015625 0.021484375
0 0.49609375 0.5380859375 0.015625 0.02734375
0 0.435546875 0.4228515625 0.017578125 0.02734375
0 0.2216796875 0.88671875 0.029296875 0.046875
0 0.2216796875 0.7529296875 0.01953125 0.03125
0 0.1943359375 0.890625 0.017578125 0.03125
0 0.33984375 0.560546875 0.015625 0.0234375
0 0.4287109375 0.5517578125 0.048828125 0.06640625
0 0.4365234375 0.51171875 0.01953125 0.029296875
0 0.3759765625 0.388671875 0.025390625 0.041015625
0 0.7275390625 0.9150390625 0.017578125 0.02734375
0 0.62890625 0.3037109375 0.02734375 0.04296875
0 0.4345703125 0.1962890625 0.044921875 0.083984375
0 0.3154296875 0.28125 0.02734375 0.044921875
0 0.3310546875 0.1591796875 0.02734375 0.044921875
0 0.236328125 0.0126953125 0.01953125 0.025390625
0 0.1357421875 0.1845703125 0.01953125 0.033203125
0 0.0634765625 0.265625 0.01953125 0.03125
0 0.1650390625 0.5625 0.021484375 0.033203125
0 0.6640625 0.8681640625 0.013671875 0.01953125
0 0.6474609375 0.84375 0.013671875 0.0234375
0 0.9501953125 0.3896484375 0.01953125 0.033203125
0 0.935546875 0.392578125 0.017578125 0.029296875
0 0.9658203125 0.169921875 0.021484375 0.033203125
0 0.40625 0.259765625 0.041015625 0.0625
0 0.4775390625 0.9033203125 0.013671875 0.0234375
0 0.109375 0.078125 0.109375 0.15625
0 0.158203125 0.4765625 0.015625 0.025390625
0 0.1103515625 0.43359375 0.013671875 0.01953125
0 0.8046875 0.546875 0.017578125 0.02734375
0 0.8212890625 0.3671875 0.017578125 0.025390625
0 0.0478515625 0.7509765625 0.01953125 0.029296875
0 0.0654296875 0.6796875 0.017578125 0.025390625
0 0.0517578125 0.66015625 0.013671875 0.021484375
0 0.1796875 0.6728515625 0.017578125 0.03125
0 0.09375 0.75 0.015625 0.0234375
0 0.1005859375 0.8564453125 0.013671875 0.0234375
0 0.119140625 0.892578125 0.013671875 0.01953125
0 0.0556640625 0.494140625 0.017578125 0.02734375
0 0.3916015625 0.384765625 0.013671875 0.021484375
0 0.552734375 0.2158203125 0.015625 0.025390625
0 0.4345703125 0.4013671875 0.013671875 0.01953125
0 0.4638671875 0.2431640625 0.025390625 0.0390625
0 0.408203125 0.357421875 0.015625 0.025390625
0 0.1025390625 0.287109375 0.013671875 0.021484375
0 0.0048828125 0.4755859375 0.009765625 0.025390625
0 0.015625 0.556640625 0.013671875 0.0234375
0 0.2744140625 0.474609375 0.0234375 0.037109375
0 0.3330078125 0.1943359375 0.013671875 0.021484375
0 0.072265625 0.23828125 0.013671875 0.021484375
0 0.2744140625 0.369140625 0.013671875 0.021484375
0 0.5048828125 0.890625 0.013671875 0.0234375
0 0.2890625 0.5224609375 0.013671875 0.01953125
0 0.251953125 0.5849609375 0.013671875 0.021484375
0 0.1552734375 0.1953125 0.015625 0.025390625
0 0.4423828125 0.255859375 0.01171875 0.021484375
0 0.4814453125 0.1962890625 0.013671875 0.021484375
0 0.5390625 0.3994140625 0.013671875 0.025390625