0 0.228515625 0.4755859375 0.166015625 0.283203125
0 0.134765625 0.796875 0.08984375 0.173828125
0 0.5888671875 0.724609375 0.037109375 0.06640625
0 0.919921875 0.666015625 0.044921875 0.064453125
0 0.8486328125 0.734375 0.03125 0.044921875
0 0.8974609375 0.052734375 0.052734375 0.091796875
0 0.705078125 0.3740234375 0.033203125 0.060546875
0 0.6884765625 0.341796875 0.017578125 0.03125
0 0.6240234375 0.5185546875 0.03125 0.05859375
0 0.056640625 0.267578125 0.109375 0.21484375
0 0.0302734375 0.083984375 0.048828125 0.087890625
0 0.521484375 0.0908203125 0.041015625 0.080078125
0 0.349609375 0.826171875 0.123046875 0.25
0 0.822265625 0.8916015625 0.08984375 0.216796875
0 0.8369140625 0.0927734375 0.029296875 0.052734375
0 0.6142578125 0.4228515625 0.02734375 0.044921875
0 0.2412109375 0.3134765625 0.0234375 0.04296875
0 0.201171875 0.2587890625 0.029296875 0.048828125
0 0.0224609375 0.7548828125 0.03125 0.0546875
0 0.7734375 0.755859375 0.03125 0.05078125
0 0.4345703125 0.9677734375 0.021484375 0.041015625
0 0.541015625 0.896484375 0.021484375 0.037109375
0 0.9052734375 0.2607421875 0.0625 0.134765625
0 0.568359375 0.232421875 0.021484375 0.04296875
0 0.5048828125 0.375 0.021484375 0.037109375
0 0.681640625 0.0205078125 0.025390625 0.03515625
0 0.4892578125 0.9072265625 0.021484375 0.03125
0 0.5654296875 0.9384765625 0.02734375 0.048828125