0 0.794921875 0.521484375 0.189453125 0.3046875
0 0.912109375 0.19140625 0.1015625 0.185546875
0 0.431640625 0.2412109375 0.041015625 0.072265625
0 0.0810546875 0.2841796875 0.048828125 0.072265625
0 0.16015625 0.2158203125 0.03515625 0.048828125
0 0.072265625 0.9248046875 0.060546875 0.09375
0 0.291015625 0.6015625 0.037109375 0.064453125
0 0.306640625 0.63671875 0.021484375 0.03515625
0 0.3837890625 0.455078125 0.03515625 0.0625
0 0.9462890625 0.74609375 0.091796875 0.2265625
0 0.9638671875 0.9423828125 0.01953125 0.091796875
0 0.4677734375 0.9091796875 0.046875 0.0859375
0 0.6884765625 0.146484375 0.142578125 0.267578125
0 0.1943359375 0.083984375 0.103515625 0.16796875
0 0.13671875 0.8896484375 0.033203125 0.0546875
0 0.388671875 0.5556640625 0.03125 0.046875
0 0.7734375 0.6904296875 0.02734375 0.046875
0 0.8125 0.7509765625 0.033203125 0.052734375
0 0.240234375 0.1982421875 0.03515625 0.056640625
0 0.60546875 0.0107421875 0.021484375 0.01171875
0 0.4921875 0.0625 0.025390625 0.0390625
0 0.07421875 0.708984375 0.072265625 0.14453125
0 0.42578125 0.7578125 0.025390625 0.044921875
0 0.5 0.611328125 0.0234375 0.0390625
0 0.2958984375 0.9716796875 0.029296875 0.03125
0 0.546875 0.0546875 0.0234375 0.033203125
0 0.4677734375 0.021484375 0.033203125 0.04296875