0 0.6474609375 0.111328125 0.087890625 0.18359375
0 0.890625 0.47265625 0.099609375 0.267578125
0 0.3603515625 0.564453125 0.041015625 0.078125
0 0.375 0.3193359375 0.037109375 0.06640625
0 0.2314453125 0.205078125 0.02734375 0.04296875
0 0.2138671875 0.35546875 0.033203125 0.05859375
0 0.2421875 0.2470703125 0.01953125 0.037109375
0 0.0078125 0.6513671875 0.009765625 0.068359375
0 0.2880859375 0.7373046875 0.021484375 0.037109375
0 0.318359375 0.546875 0.02734375 0.05078125
0 0.775390625 0.8359375 0.03125 0.048828125
0 0.7509765625 0.80078125 0.013671875 0.029296875
0 0.8447265625 0.736328125 0.021484375 0.041015625
0 0.978515625 0.7255859375 0.01953125 0.0390625
0 0.9609375 0.900390625 0.078125 0.18359375
0 0.9453125 0.8525390625 0.013671875 0.025390625
0 0.9404296875 0.3251953125 0.01953125 0.033203125
0 0.740234375 0.4052734375 0.01953125 0.03515625
0 0.646484375 0.4384765625 0.01953125 0.0390625
0 0.5458984375 0.2646484375 0.01953125 0.037109375
0 0.5029296875 0.291015625 0.015625 0.029296875
0 0.3427734375 0.08984375 0.017578125 0.03125
0 0.0634765625 0.970703125 0.076171875 0.05859375
0 0.8623046875 0.9697265625 0.0234375 0.046875
0 0.8720703125 0.9892578125 0.021484375 0.0078125
0 0.861328125 0.8388671875 0.03125 0.052734375
0 0.80078125 0.83984375 0.01953125 0.044921875
0 0.603515625 0.337890625 0.013671875 0.02734375
0 0.8671875 0.1298828125 0.015625 0.02734375
0 0.931640625 0.1630859375 0.015625 0.025390625
0 0.9765625 0.240234375 0.013671875 0.0234375
0 0.859375 0.005859375 0.015625 0.01171875
0 0.2314453125 0.4970703125 0.017578125 0.03125
0 0.1015625 0.08203125 0.01953125 0.03515625
0 0.0361328125 0.25390625 0.021484375 0.03515625
0 0.525390625 0.9013671875 0.01953125 0.03515625
0 0.703125 0.8134765625 0.013671875 0.029296875
0 0.744140625 0.962890625 0.015625 0.03125
0 0.8876953125 0.9208984375 0.0234375 0.0390625
0 0.8935546875 0.85546875 0.015625 0.02734375
0 0.8955078125 0.97265625 0.025390625 0.041015625
0 0.873046875 0.7099609375 0.03125 0.046875
0 0.87109375 0.7666015625 0.0234375 0.052734375
0 0.857421875 0.044921875 0.013671875 0.025390625
0 0.9482421875 0.4404296875 0.013671875 0.025390625
0 0.923828125 0.3857421875 0.01171875 0.0234375
0 0.9189453125 0.53125 0.01171875 0.021484375
0 0.7958984375 0.380859375 0.013671875 0.025390625
0 0.8369140625 0.33984375 0.01171875 0.021484375
0 0.7421875 0.4833984375 0.009765625 0.025390625
0 0.6064453125 0.1826171875 0.01171875 0.0234375
0 0.7421875 0.7333984375 0.025390625 0.04296875
0 0.70703125 0.87890625 0.021484375 0.037109375
0 0.8310546875 0.958984375 0.013671875 0.033203125
0 0.50390625 0.8857421875 0.017578125 0.03125
0 0.4736328125 0.8740234375 0.0234375 0.044921875
0 0.5390625 0.8505859375 0.01171875 0.02734375
0 0.466796875 0.7998046875 0.01953125 0.03515625
0 0.59375 0.6533203125 0.015625 0.029296875
0 0.5537109375 0.7470703125 0.0234375 0.044921875
0 0.271484375 0.7216796875 0.017578125 0.033203125
0 0.20703125 0.6552734375 0.017578125 0.029296875
0 0.2333984375 0.93359375 0.01953125 0.037109375
0 0.1982421875 0.849609375 0.01953125 0.03515625
0 0.109375 0.9189453125 0.015625 0.02734375
0 0.3896484375 0.919921875 0.015625 0.03125
0 0.291015625 0.267578125 0.025390625 0.037109375
0 0.16796875 0.0341796875 0.013671875 0.029296875
0 0.08203125 0.22265625 0.013671875 0.0234375
0 0.0087890625 0.2470703125 0.013671875 0.02734375
0 0.01953125 0.1455078125 0.0234375 0.037109375
0 0.9775390625 0.525390625 0.029296875 0.046875
0 0.9453125 0.6318359375 0.01953125 0.03515625
0 0.9052734375 0.6767578125 0.01171875 0.0234375
0 0.859375 0.6513671875 0.017578125 0.033203125
0 0.890625 0.666015625 0.015625 0.029296875
0 0.7177734375 0.49609375 0.013671875 0.02734375
0 0.7529296875 0.2392578125 0.01171875 0.021484375
0 0.8056640625 0.0888671875 0.01171875 0.02734375
0 0.9580078125 0.02734375 0.01171875 0.021484375
0 0.3623046875 0.05859375 0.01171875 0.029296875
0 0.3095703125 0.0224609375 0.013671875 0.029296875
0 0.1513671875 0.1259765625 0.017578125 0.03515625
0 0.060546875 0.087890625 0.017578125 0.02734375
0 0.2529296875 0.408203125 0.015625 0.041015625
0 0.4111328125 0.7763671875 0.013671875 0.02734375
0 0.421875 0.8642578125 0.013671875 0.03515625
0 0.4423828125 0.5205078125 0.015625 0.03125
0 0.3466796875 0.30859375 0.013671875 0.021484375
0 0.4267578125 0.9443359375 0.017578125 0.037109375
0 0.69921875 0.76171875 0.01171875 0.0234375
0 0.9423828125 0.7275390625 0.01171875 0.0234375
0 0.96875 0.81640625 0.01171875 0.021484375
0 0.9052734375 0.9345703125 0.009765625 0.021484375
0 0.4501953125 0.3994140625 0.01171875 0.01953125
0 0.4619140625 0.751953125 0.01171875 0.025390625
0 0.30078125 0.8154296875 0.01171875 0.02734375
0 0.2890625 0.8427734375 0.009765625 0.0234375
0 0.318359375 0.986328125 0.015625 0.02734375
0 0.0234375 0.626953125 0.013671875 0.02734375
0 0.00390625 0.548828125 0.005859375 0.0234375
0 0.0595703125 0.5458984375 0.013671875 0.0234375
0 0.384765625 0.98828125 0.01171875 0.0234375
0 0.3447265625 0.125 0.01171875 0.021484375
0 0.265625 0.1953125 0.013671875 0.025390625
0 0.251953125 0.205078125 0.009765625 0.021484375
0 0.3310546875 0.263671875 0.009765625 0.021484375
0 0.42578125 0.240234375 0.013671875 0.02734375
0 0.2255859375 0.1494140625 0.013671875 0.0234375
0 0.630859375 0.0068359375 0.01171875 0.013671875
0 0.623046875 0.349609375 0.01171875 0.0234375
0 0.2822265625 0.34765625 0.009765625 0.021484375
0 0.310546875 0.4697265625 0.021484375 0.037109375
0 0.3671875 0.791015625 0.01171875 0.021484375
0 0.908203125 0.1201171875 0.021484375 0.0390625
0 0.0107421875 0.0615234375 0.01171875 0.021484375
0 0.0771484375 0.4814453125 0.013671875 0.029296875
0 0.0927734375 0.5419921875 0.01171875 0.025390625
0 0.142578125 0.5458984375 0.01171875 0.021484375
0 0.2197265625 0.7685546875 0.013671875 0.025390625
0 0.1923828125 0.806640625 0.013671875 0.025390625
0 0.0947265625 0.96484375 0.009765625 0.01953125
0 0.076171875 0.875 0.013671875 0.025390625
0 0.125 0.7646484375 0.01171875 0.01953125
0 0.083984375 0.7568359375 0.009765625 0.0234375
0 0.134765625 0.6064453125 0.013671875 0.0234375
0 0.1796875 0.591796875 0.009765625 0.01953125
0 0.2109375 0.6962890625 0.01171875 0.0234375
0 0.076171875 0.3583984375 0.015625 0.0234375
0 0.0556640625 0.3720703125 0.013671875 0.03515625
0 0.080078125 0.291015625 0.0078125 0.017578125
0 0.5634765625 0.61328125 0.01171875 0.0234375
0 0.15625 0.2763671875 0.01171875 0.0234375