0 0.3359375 0.1455078125 0.0810546875 0.173828125
0 0.1103515625 0.494140625 0.091796875 0.25390625
0 0.6162109375 0.572265625 0.0380859375 0.07421875
0 0.599609375 0.3388671875 0.033203125 0.0625
0 0.734375 0.2275390625 0.025390625 0.0400390625
0 0.7529296875 0.3701171875 0.0302734375 0.0556640625
0 0.7236328125 0.2666015625 0.0185546875 0.03515625
0 0.9677734375 0.6494140625 0.0341796875 0.0634765625
0 0.6884765625 0.736328125 0.01953125 0.0341796875
0 0.6572265625 0.5556640625 0.025390625 0.0478515625
0 0.2255859375 0.837890625 0.0283203125 0.0458984375
0 0.248046875 0.8037109375 0.0126953125 0.0263671875
0 0.1572265625 0.744140625 0.01953125 0.0390625
0 0.0302734375 0.736328125 0.0185546875 0.037109375
0 0.0419921875 0.908203125 0.0830078125 0.1826171875
0 0.0634765625 0.8564453125 0.0126953125 0.0234375
0 0.060546875 0.353515625 0.0185546875 0.03125
0 0.251953125 0.4267578125 0.017578125 0.0322265625
0 0.3427734375 0.4580078125 0.017578125 0.0361328125
0 0.4345703125 0.2900390625 0.0185546875 0.03515625
0 0.4755859375 0.3134765625 0.0146484375 0.0283203125
0 0.6259765625 0.1201171875 0.0166015625 0.0283203125
0 0.9072265625 0.9638671875 0.0712890625 0.072265625
0 0.14453125 0.966796875 0.0224609375 0.0439453125
0 0.13671875 0.9912109375 0.01953125 0.017578125
0 0.1435546875 0.841796875 0.029296875 0.048828125
0 0.201171875 0.841796875 0.017578125 0.04296875
0 0.380859375 0.3603515625 0.0126953125 0.025390625
0 0.1259765625 0.1669921875 0.013671875 0.0263671875
0 0.06640625 0.19921875 0.0146484375 0.0234375
0 0.0244140625 0.2734375 0.0126953125 0.0224609375
0 0.130859375 0.0400390625 0.0146484375 0.03125
0 0.73828125 0.505859375 0.015625 0.0283203125
0 0.85546875 0.107421875 0.017578125 0.0341796875
0 0.9208984375 0.2705078125 0.01953125 0.033203125
0 0.46484375 0.8955078125 0.017578125 0.0322265625
0 0.294921875 0.81640625 0.0126953125 0.02734375
0 0.2578125 0.9580078125 0.0146484375 0.029296875
0 0.12109375 0.9208984375 0.0205078125 0.037109375
0 0.11328125 0.8583984375 0.015625 0.025390625
0 0.1142578125 0.9736328125 0.0244140625 0.044921875
0 0.130859375 0.720703125 0.0283203125 0.0439453125
0 0.1337890625 0.7734375 0.0224609375 0.0498046875
0 0.134765625 0.0849609375 0.0126953125 0.0234375
0 0.0537109375 0.4638671875 0.01171875 0.0244140625
0 0.0771484375 0.4111328125 0.01171875 0.0224609375
0 0.083984375 0.548828125 0.0107421875 0.0205078125
0 0.1982421875 0.404296875 0.0126953125 0.0244140625
0 0.158203125 0.3662109375 0.0107421875 0.0205078125
0 0.2509765625 0.5009765625 0.009765625 0.0244140625
0 0.3759765625 0.2119140625 0.01171875 0.0224609375
0 0.427734375 0.021484375 0.0107421875 0.0224609375
0 0.2548828125 0.7392578125 0.0234375 0.041015625
0 0.2919921875 0.8779296875 0.0205078125 0.03515625
0 0.1748046875 0.9560546875 0.0126953125 0.0302734375
0 0.4853515625 0.880859375 0.015625 0.0302734375
0 0.5146484375 0.869140625 0.021484375 0.0419921875
0 0.451171875 0.8486328125 0.01171875 0.025390625
0 0.51953125 0.7978515625 0.017578125 0.033203125
0 0.3955078125 0.6611328125 0.0146484375 0.02734375
0 0.4345703125 0.7490234375 0.021484375 0.0419921875
0 0.7041015625 0.720703125 0.015625 0.03125
0 0.7646484375 0.65625 0.015625 0.0283203125
0 0.744140625 0.921875 0.017578125 0.0341796875
0 0.775390625 0.841796875 0.017578125 0.033203125
0 0.861328125 0.90625 0.0146484375 0.0263671875
0 0.5947265625 0.912109375 0.013671875 0.0283203125
0 0.677734375 0.287109375 0.0244140625 0.03515625
0 0.7919921875 0.0634765625 0.013671875 0.02734375
0 0.876953125 0.2421875 0.0126953125 0.0224609375
0 0.9462890625 0.263671875 0.0126953125 0.0263671875
0 0.935546875 0.1669921875 0.021484375 0.03515625
0 0.0283203125 0.5458984375 0.02734375 0.04296875
0 0.0595703125 0.646484375 0.0185546875 0.033203125
0 0.0986328125 0.6884765625 0.009765625 0.021484375
0 0.142578125 0.6630859375 0.0166015625 0.03125
0 0.11328125 0.677734375 0.0146484375 0.02734375
0 0.275390625 0.513671875 0.013671875 0.025390625
0 0.2373046875 0.26953125 0.01171875 0.0205078125
0 0.185546875 0.1259765625 0.0107421875 0.025390625
0 0.0390625 0.0693359375 0.0107421875 0.0205078125
0 0.6064453125 0.08984375 0.01171875 0.02734375
0 0.6552734375 0.0556640625 0.013671875 0.0283203125
0 0.80859375 0.150390625 0.015625 0.0322265625
0 0.8955078125 0.1123046875 0.015625 0.0263671875
0 0.6640625 0.0224609375 0.0146484375 0.025390625
0 0.82421875 0.01171875 0.0126953125 0.0205078125
0 0.716796875 0.421875 0.013671875 0.0390625
0 0.5712890625 0.7744140625 0.013671875 0.0263671875
0 0.5634765625 0.859375 0.013671875 0.033203125
0 0.537109375 0.53125 0.0146484375 0.029296875
0 0.6259765625 0.3271484375 0.01171875 0.0205078125
0 0.560546875 0.935546875 0.0166015625 0.0341796875
0 0.2978515625 0.7666015625 0.009765625 0.0224609375
0 0.51953125 0.0146484375 0.01171875 0.0234375
0 0.0654296875 0.7373046875 0.0107421875 0.021484375
0 0.0419921875 0.822265625 0.01171875 0.01953125
0 0.1044921875 0.9345703125 0.009765625 0.0205078125
0 0.5283203125 0.4169921875 0.0107421875 0.017578125
0 0.5224609375 0.751953125 0.01171875 0.0224609375
0 0.6787109375 0.810546875 0.0107421875 0.025390625
0 0.689453125 0.8359375 0.009765625 0.021484375
0 0.6640625 0.9765625 0.013671875 0.0263671875
0 0.9384765625 0.6259765625 0.013671875 0.0263671875
0 0.994140625 0.513671875 0.009765625 0.0224609375
0 0.9853515625 0.58203125 0.0107421875 0.0185546875
0 0.9599609375 0.5517578125 0.009765625 0.021484375
0 0.9033203125 0.5498046875 0.013671875 0.0224609375
0 0.599609375 0.9775390625 0.0107421875 0.0244140625
0 0.6240234375 0.1533203125 0.009765625 0.0205078125
0 0.701171875 0.21875 0.01171875 0.0244140625
0 0.7138671875 0.228515625 0.009765625 0.0205078125
0 0.6396484375 0.28515625 0.009765625 0.01953125
0 0.548828125 0.2646484375 0.0126953125 0.0244140625
0 0.73828125 0.1748046875 0.01171875 0.021484375
0 0.3486328125 0.0419921875 0.009765625 0.0185546875
0 0.3037109375 0.017578125 0.0126953125 0.029296875
0 0.3623046875 0.3720703125 0.0107421875 0.0224609375
0 0.6875 0.3642578125 0.0087890625 0.01953125
0 0.6630859375 0.4814453125 0.01953125 0.0341796875
0 0.6142578125 0.7890625 0.0107421875 0.01953125
0 0.0869140625 0.1572265625 0.0205078125 0.037109375
0 0.94140625 0.0869140625 0.0107421875 0.0205078125
0 0.8857421875 0.4873046875 0.0126953125 0.0263671875
0 0.8720703125 0.546875 0.0107421875 0.0234375
0 0.82421875 0.55078125 0.0107421875 0.0205078125
0 0.75390625 0.7646484375 0.01171875 0.0234375
0 0.7802734375 0.7998046875 0.01171875 0.0244140625
0 0.876953125 0.94921875 0.009765625 0.0185546875
0 0.8935546875 0.86328125 0.0126953125 0.0244140625
0 0.8447265625 0.7587890625 0.009765625 0.0185546875
0 0.8837890625 0.7509765625 0.009765625 0.021484375
0 0.83203125 0.607421875 0.01171875 0.021484375
0 0.7900390625 0.595703125 0.0087890625 0.0185546875
0 0.7607421875 0.6953125 0.009765625 0.0224609375
0 0.884765625 0.37109375 0.013671875 0.0224609375
0 0.904296875 0.3837890625 0.01171875 0.0322265625
0 0.986328125 0.291015625 0.01171875 0.0224609375
0 0.87890625 0.3076171875 0.0078125 0.0166015625
0 0.423828125 0.6220703125 0.0107421875 0.0224609375
0 0.806640625 0.2939453125 0.01171875 0.0224609375