0 0.37890625 0.40234375 0.09375 0.146484375
0 0.5634765625 0.5126953125 0.041015625 0.0546875
0 0.658203125 0.4072265625 0.02734375 0.0390625
0 0.66796875 0.7529296875 0.017578125 0.02734375
0 0.59765625 0.75 0.01953125 0.03125
0 0.3837890625 0.8095703125 0.025390625 0.03515625
0 0.560546875 0.0546875 0.025390625 0.03515625
0 0.0615234375 0.2431640625 0.02734375 0.0390625
0 0.025390625 0.6962890625 0.0234375 0.03515625
0 0.97265625 0.15625 0.01953125 0.02734375
0 0.8525390625 0.30859375 0.017578125 0.02734375
0 0.833984375 0.1123046875 0.015625 0.0234375
0 0.681640625 0.615234375 0.02734375 0.0390625
0 0.447265625 0.9140625 0.015625 0.0234375
0 0.3408203125 0.935546875 0.017578125 0.02734375
0 0.2939453125 0.8154296875 0.017578125 0.03125
0 0.2734375 0.8388671875 0.017578125 0.02734375
0 0.0439453125 0.740234375 0.02734375 0.03125
0 0.0693359375 0.00390625 0.021484375 0.0078125
0 0.0703125 0.025390625 0.013671875 0.0234375
0 0.3046875 0.0673828125 0.013671875 0.021484375
0 0.3544921875 0.1005859375 0.015625 0.0234375
0 0.2626953125 0.1640625 0.01171875 0.01953125
0 0.318359375 0.2744140625 0.013671875 0.021484375
0 0.26953125 0.2177734375 0.01171875 0.0234375
0 0.2451171875 0.28125 0.013671875 0.0234375
0 0.5478515625 0.28515625 0.01171875 0.017578125
0 0.6962890625 0.2119140625 0.015625 0.0234375
0 0.791015625 0.318359375 0.021484375 0.03125
0 0.88671875 0.5595703125 0.015625 0.0234375
0 0.5693359375 0.9853515625 0.017578125 0.02734375
0 0.5537109375 0.99609375 0.013671875 0.0078125
0 0.533203125 0.9794921875 0.013671875 0.0234375
0 0.9169921875 0.6884765625 0.015625 0.01953125
0 0.9345703125 0.796875 0.01171875 0.01953125
0 0.4306640625 0.171875 0.015625 0.0234375
0 0.4169921875 0.1640625 0.013671875 0.017578125
0 0.1484375 0.2177734375 0.013671875 0.0234375
0 0.1318359375 0.25 0.013671875 0.01953125
0 0.0927734375 0.3603515625 0.01171875 0.0234375
0 0.1123046875 0.3779296875 0.0234375 0.041015625
0 0.0068359375 0.5595703125 0.013671875 0.138671875
0 0.1064453125 0.53125 0.01171875 0.01953125
0 0.072265625 0.603515625 0.01171875 0.01953125
0 0.0830078125 0.490234375 0.013671875 0.0234375
0 0.1787109375 0.0498046875 0.009765625 0.017578125
0 0.865234375 0.74609375 0.025390625 0.0390625
0 0.94921875 0.875 0.01171875 0.01953125
0 0.6923828125 0.962890625 0.015625 0.0234375
0 0.59375 0.88671875 0.01953125 0.021484375
0 0.6162109375 0.81640625 0.01171875 0.01953125
0 0.33203125 0.5419921875 0.013671875 0.0234375
0 0.6650390625 0.1875 0.01171875 0.01953125
0 0.6923828125 0.19140625 0.009765625 0.01953125
0 0.931640625 0.1201171875 0.013671875 0.015625
0 0.767578125 0.0400390625 0.009765625 0.01953125
0 0.6435546875 0.1201171875 0.01171875 0.01953125
0 0.671875 0.0576171875 0.01171875 0.01953125
0 0.572265625 0.0927734375 0.01953125 0.02734375
0 0.375 0.068359375 0.013671875 0.01953125
0 0.4111328125 0.0537109375 0.01171875 0.0234375
0 0.2587890625 0.029296875 0.009765625 0.013671875
0 0.1796875 0.0517578125 0.01171875 0.01953125
0 0.1474609375 0.13671875 0.01171875 0.0234375
0 0.1904296875 0.6943359375 0.013671875 0.01953125
0 0.2392578125 0.75 0.015625 0.025390625
0 0.220703125 0.7041015625 0.021484375 0.044921875
0 0.3154296875 0.6982421875 0.009765625 0.01953125
0 0.8798828125 0.94921875 0.009765625 0.015625
0 0.8388671875 0.9892578125 0.009765625 0.01171875
0 0.5673828125 0.5966796875 0.015625 0.0234375
0 0.58984375 0.5673828125 0.009765625 0.015625
0 0.6787109375 0.5595703125 0.013671875 0.0234375
0 0.7333984375 0.4169921875 0.009765625 0.015625
0 0.4384765625 0.5185546875 0.009765625 0.015625
0 0.529296875 0.3994140625 0.009765625 0.015625
0 0.2314453125 0.59375 0.01171875 0.01953125
0 0.1533203125 0.6767578125 0.013671875 0.0234375
0 0.091796875 0.9052734375 0.052734375 0.095703125
0 0.1484375 0.1533203125 0.013671875 0.01953125
0 0.7158203125 0.50390625 0.013671875 0.02734375
0 0.8544921875 0.458984375 0.01953125 0.02734375
0 0.6982421875 0.2802734375 0.015625 0.02734375
0 0.580078125 0.169921875 0.01171875 0.017578125
0 0.544921875 0.1884765625 0.01171875 0.021484375
0 0.9140625 0.359375 0.01171875 0.0234375
0 0.966796875 0.248046875 0.01171875 0.021484375
0 0.9853515625 0.2373046875 0.01171875 0.017578125
0 0.6943359375 0.8115234375 0.013671875 0.021484375
0 0.6318359375 0.8857421875 0.01171875 0.01953125
0 0.8916015625 0.8818359375 0.015625 0.01953125
0 0.97265625 0.73046875 0.0078125 0.0234375
0 0.9560546875 0.7470703125 0.009765625 0.015625
0 0.9404296875 0.7431640625 0.01171875 0.021484375
0 0.953125 0.654296875 0.013671875 0.0234375
0 0.50390625 0.6767578125 0.013671875 0.01953125
0 0.171875 0.7802734375 0.013671875 0.021484375
0 0.1181640625 0.7880859375 0.013671875 0.0234375
0 0.0947265625 0.822265625 0.013671875 0.021484375
0 0.1796875 0.92578125 0.017578125 0.02734375
0 0.2275390625 0.96484375 0.01171875 0.013671875
0 0.2392578125 0.9150390625 0.013671875 0.0234375
0 0.26171875 0.94921875 0.01171875 0.01953125
0 0.013671875 0.7998046875 0.013671875 0.0234375
0 0.1708984375 0.41015625 0.01171875 0.01953125
0 0.185546875 0.365234375 0.009765625 0.017578125
0 0.259765625 0.482421875 0.015625 0.021484375
0 0.322265625 0.3828125 0.013671875 0.01953125
0 0.2900390625 0.34375 0.015625 0.029296875
0 0.3095703125 0.34765625 0.01171875 0.021484375
0 0.3466796875 0.1953125 0.015625 0.02734375
0 0.2197265625 0.123046875 0.015625 0.0234375
0 0.150390625 0.0859375 0.013671875 0.0234375
0 0.5546875 0.44140625 0.013671875 0.021484375
0 0.7861328125 0.54296875 0.01171875 0.015625
0 0.7978515625 0.681640625 0.009765625 0.01953125
0 0.787109375 0.607421875 0.013671875 0.025390625
0 0.71484375 0.5732421875 0.01171875 0.01953125
0 0.6494140625 0.228515625 0.01171875 0.017578125
0 0.4990234375 0.1201171875 0.015625 0.025390625
0 0.4501953125 0.5654296875 0.013671875 0.021484375
0 0.361328125 0.685546875 0.015625 0.025390625
0 0.3427734375 0.763671875 0.015625 0.02734375
0 0.3291015625 0.802734375 0.01171875 0.021484375
0 0.365234375 0.7509765625 0.013671875 0.021484375
0 0.423828125 0.7197265625 0.017578125 0.02734375
0 0.20703125 0.6220703125 0.01171875 0.025390625
0 0.27734375 0.779296875 0.015625 0.03125
0 0.2421875 0.69921875 0.013671875 0.01953125
0 0.271484375 0.6591796875 0.013671875 0.01953125
0 0.1396484375 0.677734375 0.01171875 0.01953125
0 0.0810546875 0.703125 0.009765625 0.01953125