0 0.8974609375 0.2490234375 0.205078125 0.373046875
0 0.3544921875 0.8515625 0.037109375 0.064453125
0 0.2724609375 0.625 0.03515625 0.0546875
0 0.0712890625 0.6396484375 0.076171875 0.119140625
0 0.470703125 0.30859375 0.029296875 0.046875
0 0.9228515625 0.66015625 0.0234375 0.041015625
0 0.9765625 0.5810546875 0.025390625 0.0390625
0 0.119140625 0.3974609375 0.044921875 0.08203125
0 0.21484375 0.24609375 0.017578125 0.02734375
0 0.3544921875 0.1298828125 0.017578125 0.029296875
0 0.3095703125 0.0712890625 0.01171875 0.01953125
0 0.2548828125 0.1337890625 0.01953125 0.03515625
0 0.2451171875 0.154296875 0.01953125 0.03125
0 0.134765625 0.216796875 0.095703125 0.21875