0 0.1025390625 0.255859375 0.205078125 0.37109375
0 0.6435546875 0.85546875 0.037109375 0.064453125
0 0.7255859375 0.6298828125 0.03515625 0.0546875
0 0.92578125 0.64453125 0.076171875 0.119140625
0 0.529296875 0.3154296875 0.029296875 0.046875
0 0.080078125 0.6650390625 0.0234375 0.041015625
0 0.025390625 0.5869140625 0.025390625 0.0390625
0 0.8779296875 0.4033203125 0.044921875 0.08203125
0 0.7841796875 0.25390625 0.017578125 0.02734375
0 0.6435546875 0.138671875 0.017578125 0.029296875
0 0.6884765625 0.080078125 0.01171875 0.01953125
0 0.6591796875 0.001953125 0.009765625 0.00390625
0 0.7431640625 0.1416015625 0.01953125 0.03515625
0 0.7529296875 0.1630859375 0.01953125 0.03125
0 0.86328125 0.2236328125 0.095703125 0.216796875