0 0.125 0.1787109375 0.208984375 0.322265625
0 0.56640625 0.8359375 0.025390625 0.05859375
0 0.6806640625 0.6376953125 0.025390625 0.048828125
0 0.8662109375 0.685546875 0.0546875 0.10546875
0 0.5478515625 0.3095703125 0.0205078125 0.041015625
0 0.068359375 0.564453125 0.015625 0.0361328125
0 0.0302734375 0.4814453125 0.01953125 0.033203125
0 0.861328125 0.4501953125 0.0302734375 0.0732421875
0 0.796875 0.2939453125 0.013671875 0.0234375
0 0.685546875 0.1630859375 0.01171875 0.0263671875
0 0.7373046875 0.115234375 0.0087890625 0.017578125
0 0.7236328125 0.0322265625 0.0068359375 0.0146484375
0 0.77734375 0.181640625 0.013671875 0.0322265625
0 0.783203125 0.2041015625 0.013671875 0.0283203125
0 0.9697265625 0.9365234375 0.048828125 0.0849609375
0 0.876953125 0.279296875 0.056640625 0.2001953125