0 0.3154296875 0.623046875 0.048828125 0.08203125
0 0.0224609375 0.1318359375 0.0234375 0.03515625
0 0.6396484375 0.68359375 0.142578125 0.361328125
0 0.6015625 0.4775390625 0.033203125 0.05859375
0 0.6162109375 0.4208984375 0.025390625 0.037109375
0 0.7001953125 0.76171875 0.017578125 0.029296875
0 0.6953125 0.7392578125 0.013671875 0.015625
0 0.7275390625 0.744140625 0.03125 0.056640625
0 0.669921875 0.6142578125 0.017578125 0.02734375
0 0.580078125 0.6435546875 0.013671875 0.025390625
0 0.6494140625 0.40234375 0.013671875 0.021484375
0 0.7001953125 0.337890625 0.021484375 0.0390625
0 0.5244140625 0.236328125 0.021484375 0.03515625
0 0.625 0.12109375 0.017578125 0.02734375
0 0.5927734375 0.0166015625 0.021484375 0.033203125
0 0.6123046875 0.005859375 0.017578125 0.01171875
0 0.9365234375 0.5966796875 0.072265625 0.10546875
0 0.900390625 0.2216796875 0.189453125 0.400390625
0 0.203125 0.9013671875 0.021484375 0.03515625
0 0.3193359375 0.8544921875 0.017578125 0.033203125
0 0.150390625 0.947265625 0.013671875 0.021484375
0 0.1533203125 0.91015625 0.01171875 0.021484375
0 0.8466796875 0.91015625 0.146484375 0.142578125
0 0.845703125 0.869140625 0.021484375 0.029296875
0 0.87109375 0.8291015625 0.015625 0.0234375
0 0.9130859375 0.755859375 0.021484375 0.041015625
0 0.2080078125 0.501953125 0.017578125 0.029296875
0 0.3359375 0.9677734375 0.015625 0.0234375
0 0.576171875 0.94140625 0.013671875 0.025390625
0 0.8544921875 0.6484375 0.017578125 0.03125
0 0.857421875 0.7138671875 0.01171875 0.025390625
0 0.888671875 0.693359375 0.017578125 0.0234375
0 0.85546875 0.5546875 0.021484375 0.03515625
0 0.919921875 0.51171875 0.015625 0.033203125
0 0.8759765625 0.435546875 0.015625 0.02734375
0 0.7314453125 0.400390625 0.015625 0.01953125
0 0.7421875 0.37890625 0.01953125 0.0234375
0 0.1220703125 0.4873046875 0.013671875 0.0234375
0 0.111328125 0.5234375 0.013671875 0.017578125
0 0.0439453125 0.046875 0.01171875 0.021484375
0 0.078125 0.048828125 0.013671875 0.021484375
0 0.0791015625 0.138671875 0.013671875 0.01953125
0 0.017578125 0.0771484375 0.015625 0.025390625
0 0.3017578125 0.3330078125 0.015625 0.025390625
0 0.138671875 0.779296875 0.017578125 0.02734375
0 0.5107421875 0.8349609375 0.013671875 0.0234375
0 0.48046875 0.837890625 0.017578125 0.03125
0 0.48828125 0.619140625 0.013671875 0.017578125
0 0.529296875 0.576171875 0.013671875 0.025390625
0 0.62109375 0.26171875 0.017578125 0.03125
0 0.623046875 0.2353515625 0.015625 0.0234375
0 0.125 0.1201171875 0.03515625 0.05078125
0 0.7724609375 0.60546875 0.015625 0.01953125
0 0.7529296875 0.1484375 0.01171875 0.025390625
0 0.6171875 0.2021484375 0.015625 0.021484375
0 0.53515625 0.12890625 0.017578125 0.0234375
0 0.5537109375 0.1083984375 0.013671875 0.0234375
0 0.5009765625 0.1337890625 0.015625 0.021484375
0 0.587890625 0.0703125 0.013671875 0.021484375
0 0.5888671875 0.1064453125 0.015625 0.021484375
0 0.52734375 0.0126953125 0.0234375 0.025390625
0 0.6328125 0.0107421875 0.015625 0.021484375
0 0.625 0.0771484375 0.015625 0.021484375
0 0.7470703125 0.080078125 0.01171875 0.021484375
0 0.646484375 0.2431640625 0.013671875 0.01953125
0 0.671875 0.2470703125 0.013671875 0.015625
0 0.7763671875 0.3359375 0.02734375 0.044921875
0 0.8203125 0.44140625 0.021484375 0.02734375
0 0.9833984375 0.5302734375 0.033203125 0.07421875
0 0.9892578125 0.7880859375 0.021484375 0.111328125
0 0.9462890625 0.8828125 0.013671875 0.021484375
0 0.9755859375 0.8603515625 0.015625 0.0234375
0 0.9609375 0.83203125 0.01171875 0.021484375
0 0.9619140625 0.9462890625 0.01171875 0.021484375
0 0.96875 0.96484375 0.01171875 0.0078125
0 0.9208984375 0.9677734375 0.021484375 0.009765625
0 0.9287109375 0.9033203125 0.013671875 0.0234375
0 0.0947265625 0.9130859375 0.013671875 0.01953125
0 0.21875 0.2216796875 0.021484375 0.03125