0 0.31640625 0.3955078125 0.04296875 0.078125
0 0.0625 0.8955078125 0.0205078125 0.0322265625
0 0.6298828125 0.314453125 0.115234375 0.34765625
0 0.6064453125 0.51953125 0.02734375 0.0556640625
0 0.6240234375 0.5732421875 0.0234375 0.03515625
0 0.68359375 0.234375 0.015625 0.0263671875
0 0.6796875 0.2568359375 0.0126953125 0.015625
0 0.7109375 0.25 0.0283203125 0.0546875
0 0.6630859375 0.3798828125 0.0166015625 0.025390625
0 0.57421875 0.3583984375 0.0126953125 0.0234375
0 0.658203125 0.5888671875 0.0126953125 0.0205078125
0 0.7119140625 0.6484375 0.017578125 0.0361328125
0 0.5478515625 0.7607421875 0.017578125 0.0322265625
0 0.654296875 0.865234375 0.0166015625 0.025390625
0 0.6279296875 0.9697265625 0.0185546875 0.0322265625
0 0.6494140625 0.986328125 0.015625 0.02734375
0 0.92578125 0.37890625 0.064453125 0.099609375
0 0.9189453125 0.75 0.162109375 0.3818359375
0 0.1884765625 0.1318359375 0.01953125 0.0322265625
0 0.3046875 0.1708984375 0.0146484375 0.03125
0 0.1328125 0.0908203125 0.01171875 0.021484375
0 0.138671875 0.126953125 0.009765625 0.01953125
0 0.81640625 0.072265625 0.134765625 0.14453125
0 0.818359375 0.119140625 0.0185546875 0.0263671875
0 0.8466796875 0.15625 0.013671875 0.0224609375
0 0.8916015625 0.2255859375 0.017578125 0.0390625
0 0.2197265625 0.5224609375 0.0146484375 0.0283203125
0 0.3134765625 0.0576171875 0.013671875 0.0224609375
0 0.5498046875 0.0673828125 0.01171875 0.025390625
0 0.8427734375 0.333984375 0.013671875 0.029296875
0 0.8408203125 0.2705078125 0.009765625 0.025390625
0 0.8720703125 0.2890625 0.015625 0.0224609375
0 0.8486328125 0.4267578125 0.0185546875 0.033203125
0 0.9150390625 0.4638671875 0.0126953125 0.0322265625
0 0.876953125 0.541015625 0.0126953125 0.0263671875
0 0.73828125 0.5849609375 0.013671875 0.01953125
0 0.75 0.60546875 0.017578125 0.0224609375
0 0.1376953125 0.5419921875 0.0126953125 0.0224609375
0 0.1240234375 0.5078125 0.01171875 0.0166015625
0 0.0908203125 0.9765625 0.009765625 0.0205078125
0 0.123046875 0.97265625 0.0126953125 0.0205078125
0 0.119140625 0.884765625 0.01171875 0.01953125
0 0.0625 0.94921875 0.013671875 0.0234375
0 0.04296875 0.974609375 0.009765625 0.0166015625
0 0.322265625 0.6806640625 0.013671875 0.0234375
0 0.1328125 0.255859375 0.0166015625 0.025390625
0 0.4931640625 0.17578125 0.0126953125 0.0224609375
0 0.4638671875 0.17578125 0.015625 0.029296875
0 0.486328125 0.388671875 0.01171875 0.0166015625
0 0.5283203125 0.4267578125 0.0126953125 0.0234375
0 0.6396484375 0.728515625 0.013671875 0.029296875
0 0.64453125 0.75390625 0.013671875 0.0224609375
0 0.1650390625 0.900390625 0.03125 0.0478515625
0 0.7646484375 0.3828125 0.0146484375 0.01953125
0 0.775390625 0.830078125 0.0107421875 0.025390625
0 0.640625 0.787109375 0.0146484375 0.0205078125
0 0.564453125 0.8642578125 0.015625 0.0224609375
0 0.5849609375 0.8818359375 0.01171875 0.0224609375
0 0.53125 0.861328125 0.013671875 0.0205078125
0 0.6201171875 0.91796875 0.01171875 0.0205078125
0 0.6201171875 0.8828125 0.013671875 0.0205078125
0 0.56640625 0.98046875 0.021484375 0.02734375
0 0.669921875 0.974609375 0.0146484375 0.0234375
0 0.65625 0.908203125 0.013671875 0.0205078125
0 0.775390625 0.896484375 0.0107421875 0.0205078125
0 0.666015625 0.744140625 0.01171875 0.01953125
0 0.6904296875 0.7392578125 0.01171875 0.015625
0 0.787109375 0.6455078125 0.0224609375 0.04296875
0 0.8212890625 0.5390625 0.01953125 0.025390625
0 0.9765625 0.44140625 0.0263671875 0.0712890625
0 0.978515625 0.1884765625 0.0419921875 0.1064453125
0 0.916015625 0.099609375 0.0126953125 0.021484375
0 0.9453125 0.1201171875 0.0146484375 0.0224609375
0 0.9326171875 0.1484375 0.0087890625 0.01953125
0 0.9267578125 0.0361328125 0.0087890625 0.021484375
0 0.9326171875 0.01171875 0.0107421875 0.0185546875
0 0.88671875 0.01171875 0.01953125 0.0234375
0 0.896484375 0.080078125 0.0107421875 0.0224609375
0 0.08203125 0.1279296875 0.01171875 0.017578125
0 0.25 0.7939453125 0.017578125 0.029296875