0 0.44921875 0.6640625 0.1259765625 0.228515625
0 0.4931640625 0.1669921875 0.08203125 0.15625
0 0.8798828125 0.193359375 0.1640625 0.2802734375
0 0.94921875 0.361328125 0.1015625 0.2353515625
0 0.9921875 0.5126953125 0.015625 0.060546875
0 0.7548828125 0.634765625 0.0576171875 0.0927734375
0 0.677734375 0.892578125 0.033203125 0.0703125
0 0.95703125 0.830078125 0.041015625 0.083984375
0 0.919921875 0.63671875 0.0341796875 0.072265625
0 0.8955078125 0.603515625 0.033203125 0.06640625
0 0.3095703125 0.451171875 0.03125 0.0556640625
0 0.1611328125 0.8154296875 0.02734375 0.05078125
0 0.095703125 0.771484375 0.0283203125 0.0517578125
0 0.458984375 0.9345703125 0.052734375 0.0927734375
0 0.54296875 0.90625 0.0498046875 0.0927734375
0 0.5654296875 0.884765625 0.0166015625 0.04296875
0 0.57421875 0.9541015625 0.013671875 0.0263671875
0 0.4365234375 0.8515625 0.0166015625 0.03515625
0 0.6875 0.7568359375 0.021484375 0.0390625
0 0.83984375 0.97265625 0.0244140625 0.0498046875
0 0.8955078125 0.75390625 0.02734375 0.052734375
0 0.64453125 0.1416015625 0.0185546875 0.0361328125
0 0.66796875 0.3515625 0.0205078125 0.0400390625
0 0.685546875 0.416015625 0.0166015625 0.03125
0 0.62890625 0.6240234375 0.0166015625 0.0322265625
0 0.6796875 0.712890625 0.0185546875 0.0390625
0 0.8740234375 0.6953125 0.02734375 0.0478515625
0 0.9794921875 0.6025390625 0.021484375 0.04296875
0 0.2421875 0.486328125 0.0146484375 0.029296875
0 0.27734375 0.466796875 0.017578125 0.037109375
0 0.263671875 0.427734375 0.013671875 0.02734375
0 0.2919921875 0.236328125 0.0146484375 0.029296875
0 0.529296875 0.33984375 0.015625 0.0361328125
0 0.544921875 0.7158203125 0.015625 0.029296875
0 0.2255859375 0.7744140625 0.0166015625 0.0263671875
0 0.2373046875 0.828125 0.015625 0.03125
0 0.09765625 0.482421875 0.0224609375 0.041015625
0 0.1103515625 0.19140625 0.01953125 0.0458984375
0 0.384765625 0.0947265625 0.0185546875 0.03515625
0 0.6953125 0.2646484375 0.0146484375 0.0341796875
0 0.5 0.4931640625 0.0185546875 0.03125
0 0.4736328125 0.3408203125 0.0234375 0.0419921875
0 0.650390625 0.013671875 0.0234375 0.02734375
0 0.7783203125 0.0361328125 0.0224609375 0.0341796875
0 0.8564453125 0.5537109375 0.013671875 0.029296875
0 0.8447265625 0.69140625 0.0126953125 0.0263671875
0 0.626953125 0.4833984375 0.013671875 0.029296875
0 0.23046875 0.2529296875 0.0244140625 0.0419921875
0 0.2548828125 0.3193359375 0.0234375 0.0400390625
0 0.263671875 0.2724609375 0.013671875 0.0263671875
0 0.3642578125 0.029296875 0.0126953125 0.0224609375
0 0.568359375 0.439453125 0.0146484375 0.0263671875
0 0.1953125 0.58203125 0.0283203125 0.0625
0 0.01953125 0.6884765625 0.0390625 0.28515625
0 0.3466796875 0.7509765625 0.015625 0.025390625
0 0.650390625 0.8330078125 0.017578125 0.0263671875
0 0.712890625 0.81640625 0.01171875 0.02734375
0 0.671875 0.6083984375 0.013671875 0.029296875
0 0.5185546875 0.6181640625 0.013671875 0.0302734375
0 0.294921875 0.908203125 0.01171875 0.021484375
0 0.775390625 0.693359375 0.013671875 0.025390625
0 0.8251953125 0.71875 0.013671875 0.0224609375
0 0.64453125 0.3798828125 0.013671875 0.0263671875
0 0.4560546875 0.28125 0.01171875 0.01953125
0 0.0341796875 0.19140625 0.0205078125 0.0390625
0 0.0947265625 0.15234375 0.009765625 0.01953125
0 0.1953125 0.6826171875 0.025390625 0.0498046875
0 0.6982421875 0.548828125 0.01171875 0.0224609375
0 0.84375 0.5244140625 0.01953125 0.021484375
0 0.70703125 0.478515625 0.01171875 0.021484375
0 0.2939453125 0.173828125 0.017578125 0.029296875
0 0.576171875 0.072265625 0.0126953125 0.0244140625
0 0.615234375 0.087890625 0.013671875 0.0224609375
0 0.65625 0.240234375 0.0185546875 0.0322265625
0 0.0234375 0.142578125 0.017578125 0.0244140625
0 0.2373046875 0.65625 0.029296875 0.0498046875
0 0.4775390625 0.505859375 0.01171875 0.021484375
0 0.6318359375 0.314453125 0.0107421875 0.021484375
0 0.3623046875 0.56640625 0.0078125 0.017578125
0 0.390625 0.560546875 0.0087890625 0.017578125
0 0.412109375 0.5673828125 0.0078125 0.0146484375
0 0.3701171875 0.517578125 0.009765625 0.0205078125
0 0.4150390625 0.482421875 0.0107421875 0.017578125
0 0.3505859375 0.498046875 0.0087890625 0.015625
0 0.28125 0.5927734375 0.0078125 0.015625
0 0.2822265625 0.6328125 0.0087890625 0.015625
0 0.5009765625 0.5400390625 0.009765625 0.015625
0 0.693359375 0.29296875 0.0107421875 0.0205078125
0 0.7080078125 0.140625 0.0107421875 0.0205078125
0 0.736328125 0.1435546875 0.0107421875 0.0166015625
0 0.8017578125 0.1279296875 0.0078125 0.01953125
0 0.787109375 0.072265625 0.0078125 0.015625
0 0.923828125 0.103515625 0.0126953125 0.0244140625
0 0.9169921875 0.0166015625 0.009765625 0.01953125
0 0.9384765625 0.166015625 0.0087890625 0.017578125
0 0.9765625 0.259765625 0.0087890625 0.017578125
0 0.9404296875 0.20703125 0.009765625 0.0166015625
0 0.978515625 0.1494140625 0.0078125 0.017578125
0 0.990234375 0.1435546875 0.0078125 0.0166015625
0 0.99609375 0.2626953125 0.0078125 0.021484375
0 0.662109375 0.076171875 0.0087890625 0.0166015625
0 0.58203125 0.0390625 0.01171875 0.0185546875
0 0.6025390625 0.0537109375 0.01171875 0.015625
0 0.6083984375 0.0322265625 0.009765625 0.0166015625
0 0.5615234375 0.203125 0.013671875 0.0166015625
0 0.791015625 0.5791015625 0.0107421875 0.0205078125
0 0.8544921875 0.5908203125 0.0087890625 0.017578125
0 0.8017578125 0.7392578125 0.0107421875 0.0185546875
0 0.654296875 0.7353515625 0.0107421875 0.021484375
0 0.5615234375 0.5634765625 0.009765625 0.017578125
0 0.564453125 0.3427734375 0.0087890625 0.0205078125
0 0.548828125 0.3369140625 0.0107421875 0.0185546875
0 0.5400390625 0.4580078125 0.009765625 0.0166015625
0 0.5244140625 0.3095703125 0.0087890625 0.0166015625
0 0.4384765625 0.271484375 0.0126953125 0.0263671875
0 0.6220703125 0.26953125 0.0087890625 0.0146484375
0 0.7041015625 0.1748046875 0.0078125 0.0146484375
0 0.5771484375 0.2890625 0.0068359375 0.013671875
0 0.71875 0.0810546875 0.0068359375 0.0146484375
0 0.744140625 0.09765625 0.0078125 0.013671875
0 0.6875 0.078125 0.0068359375 0.013671875
0 0.7626953125 0.2734375 0.0087890625 0.017578125
0 0.8134765625 0.0283203125 0.0078125 0.013671875
0 0.80859375 0.0380859375 0.0078125 0.013671875
0 0.5283203125 0.033203125 0.0107421875 0.0205078125
0 0.5244140625 0.4248046875 0.0146484375 0.0322265625
0 0.38671875 0.3603515625 0.0146484375 0.0224609375
0 0.361328125 0.3857421875 0.013671875 0.021484375
0 0.3876953125 0.3837890625 0.0107421875 0.017578125
0 0.3115234375 0.962890625 0.0107421875 0.0224609375
0 0.55078125 0.8388671875 0.0107421875 0.0224609375
0 0.349609375 0.0498046875 0.0224609375 0.0419921875
0 0.7021484375 0.568359375 0.0107421875 0.0166015625
0 0.6943359375 0.5859375 0.0107421875 0.01953125
0 0.7373046875 0.5185546875 0.0087890625 0.0185546875
0 0.673828125 0.515625 0.009765625 0.0166015625
0 0.6923828125 0.4873046875 0.01171875 0.017578125
0 0.6123046875 0.4404296875 0.0078125 0.0166015625
0 0.6552734375 0.4208984375 0.0107421875 0.0185546875
0 0.65234375 0.5556640625 0.01171875 0.0205078125
0 0.638671875 0.5595703125 0.0087890625 0.0166015625
0 0.51953125 0.55859375 0.0107421875 0.0185546875
0 0.4873046875 0.6044921875 0.009765625 0.0185546875
0 0.4814453125 0.5849609375 0.0068359375 0.0126953125
0 0.5888671875 0.716796875 0.0087890625 0.0146484375
0 0.5390625 0.8154296875 0.0087890625 0.017578125
0 0.439453125 0.79296875 0.0087890625 0.015625
0 0.4677734375 0.7734375 0.0107421875 0.017578125
0 0.4609375 0.8125 0.0068359375 0.0126953125