0 0.4443359375 0.3232421875 0.14453125 0.24609375
0 0.4638671875 0.8505859375 0.095703125 0.169921875
0 0.8720703125 0.8427734375 0.1875 0.3046875
0 0.9453125 0.6708984375 0.10546875 0.251953125
0 0.7646484375 0.37109375 0.06640625 0.1015625
0 0.697265625 0.095703125 0.0390625 0.076171875
0 0.982421875 0.1767578125 0.03515625 0.091796875
0 0.939453125 0.3779296875 0.041015625 0.078125
0 0.9111328125 0.4130859375 0.0390625 0.0703125
0 0.2861328125 0.541015625 0.037109375 0.060546875
0 0.1494140625 0.1484375 0.03125 0.0546875
0 0.0791015625 0.19140625 0.03125 0.056640625
0 0.4697265625 0.044921875 0.060546875 0.08984375
0 0.556640625 0.072265625 0.05859375 0.099609375
0 0.580078125 0.0986328125 0.01953125 0.046875
0 0.5927734375 0.0244140625 0.015625 0.029296875
0 0.44140625 0.125 0.01953125 0.037109375
0 0.7001953125 0.2392578125 0.025390625 0.04296875
0 0.8720703125 0.0322265625 0.02734375 0.029296875
0 0.9189453125 0.2529296875 0.03125 0.056640625
0 0.62109375 0.8857421875 0.021484375 0.0390625
0 0.658203125 0.6650390625 0.0234375 0.04296875
0 0.6796875 0.59765625 0.017578125 0.033203125
0 0.6318359375 0.3759765625 0.017578125 0.03515625
0 0.6904296875 0.28515625 0.021484375 0.041015625
0 0.89453125 0.314453125 0.03125 0.052734375
0 0.9931640625 0.41796875 0.013671875 0.046875
0 0.2177734375 0.5 0.017578125 0.03125
0 0.2529296875 0.5224609375 0.021484375 0.0390625
0 0.236328125 0.5625 0.015625 0.029296875
0 0.255859375 0.765625 0.017578125 0.03125
0 0.5107421875 0.669921875 0.01953125 0.0390625
0 0.5478515625 0.2744140625 0.017578125 0.03125
0 0.21484375 0.1943359375 0.017578125 0.029296875
0 0.23046875 0.1396484375 0.017578125 0.033203125
0 0.064453125 0.49609375 0.025390625 0.044921875
0 0.0615234375 0.802734375 0.0234375 0.05078125
0 0.3447265625 0.919921875 0.021484375 0.037109375
0 0.681640625 0.7587890625 0.017578125 0.037109375
0 0.4892578125 0.505859375 0.021484375 0.03515625
0 0.4521484375 0.666015625 0.02734375 0.046875
0 0.7568359375 0.9921875 0.025390625 0.015625
0 0.8681640625 0.462890625 0.015625 0.03125
0 0.8623046875 0.31640625 0.015625 0.029296875
0 0.6220703125 0.5234375 0.015625 0.03125
0 0.19140625 0.7451171875 0.029296875 0.046875
0 0.220703125 0.67578125 0.02734375 0.04296875
0 0.2275390625 0.7265625 0.015625 0.029296875
0 0.3203125 0.9833984375 0.013671875 0.015625
0 0.5576171875 0.5673828125 0.017578125 0.029296875
0 0.1728515625 0.396484375 0.033203125 0.068359375
0 0.341796875 0.2265625 0.017578125 0.02734375
0 0.666015625 0.1572265625 0.01953125 0.029296875
0 0.7314453125 0.177734375 0.013671875 0.029296875
0 0.6767578125 0.39453125 0.015625 0.03125
0 0.515625 0.3759765625 0.015625 0.033203125
0 0.294921875 0.0576171875 0.013671875 0.0234375
0 0.7900390625 0.310546875 0.015625 0.02734375
0 0.84375 0.287109375 0.015625 0.025390625
0 0.634765625 0.6337890625 0.015625 0.029296875
0 0.431640625 0.728515625 0.013671875 0.021484375
0 0.04296875 0.84375 0.01171875 0.021484375
0 0.1787109375 0.2900390625 0.029296875 0.052734375
0 0.69921875 0.4599609375 0.013671875 0.025390625
0 0.8525390625 0.4921875 0.021484375 0.0234375
0 0.7060546875 0.533203125 0.013671875 0.0234375
0 0.25390625 0.83203125 0.01953125 0.03125
0 0.5458984375 0.9541015625 0.015625 0.025390625
0 0.587890625 0.9404296875 0.015625 0.025390625
0 0.638671875 0.78125 0.021484375 0.03515625
0 0.220703125 0.3212890625 0.033203125 0.052734375
0 0.46484375 0.4921875 0.013671875 0.0234375
0 0.6181640625 0.7021484375 0.013671875 0.0234375
0 0.34765625 0.4228515625 0.009765625 0.01953125
0 0.3779296875 0.4287109375 0.009765625 0.01953125
0 0.3994140625 0.423828125 0.009765625 0.015625
0 0.3525390625 0.4736328125 0.01171875 0.021484375
0 0.3984375 0.513671875 0.01171875 0.01953125
0 0.33203125 0.4931640625 0.009765625 0.017578125
0 0.2646484375 0.3896484375 0.009765625 0.017578125
0 0.267578125 0.34765625 0.009765625 0.017578125
0 0.4921875 0.4580078125 0.009765625 0.017578125
0 0.681640625 0.7275390625 0.013671875 0.021484375
0 0.6875 0.8896484375 0.01171875 0.021484375
0 0.71875 0.8876953125 0.01171875 0.017578125
0 0.7861328125 0.9091796875 0.009765625 0.021484375
0 0.767578125 0.966796875 0.0078125 0.017578125
0 0.9130859375 0.94140625 0.013671875 0.02734375
0 0.931640625 0.8759765625 0.009765625 0.01953125
0 0.9775390625 0.779296875 0.009765625 0.01953125
0 0.9375 0.83203125 0.009765625 0.017578125
0 0.974609375 0.89453125 0.009765625 0.01953125
0 0.63671875 0.955078125 0.009765625 0.017578125
0 0.5498046875 0.9892578125 0.013671875 0.01953125
0 0.572265625 0.9765625 0.01171875 0.017578125
0 0.576171875 0.994140625 0.01171875 0.01171875
0 0.537109375 0.8154296875 0.015625 0.017578125
0 0.7998046875 0.4326171875 0.01171875 0.021484375
0 0.8671875 0.423828125 0.009765625 0.01953125
0 0.8203125 0.2646484375 0.01171875 0.01953125
0 0.6640625 0.2587890625 0.01171875 0.0234375
0 0.5576171875 0.4365234375 0.009765625 0.01953125
0 0.5478515625 0.6689453125 0.01171875 0.021484375
0 0.5322265625 0.6748046875 0.01171875 0.01953125
0 0.529296875 0.546875 0.009765625 0.017578125
0 0.50390625 0.7021484375 0.009765625 0.017578125
0 0.4111328125 0.7373046875 0.013671875 0.02734375
0 0.60546875 0.75 0.009765625 0.015625
0 0.6865234375 0.8544921875 0.0078125 0.015625
0 0.55859375 0.7255859375 0.0078125 0.015625
0 0.6962890625 0.953125 0.0078125 0.015625
0 0.724609375 0.9375 0.009765625 0.013671875
0 0.6630859375 0.9541015625 0.0078125 0.015625
0 0.75390625 0.7529296875 0.009765625 0.01953125
0 0.7880859375 0.9970703125 0.009765625 0.005859375
0 0.4931640625 0.9912109375 0.01171875 0.017578125
0 0.5107421875 0.580078125 0.017578125 0.03515625
0 0.3623046875 0.640625 0.017578125 0.0234375
0 0.3369140625 0.611328125 0.015625 0.0234375
0 0.365234375 0.6162109375 0.01171875 0.01953125
0 0.3154296875 0.005859375 0.013671875 0.01171875
0 0.5615234375 0.1455078125 0.013671875 0.0234375
0 0.3056640625 0.9658203125 0.02734375 0.046875
0 0.7060546875 0.4384765625 0.01171875 0.017578125
0 0.69921875 0.419921875 0.01171875 0.021484375
0 0.740234375 0.4931640625 0.01171875 0.01953125
0 0.673828125 0.4931640625 0.009765625 0.017578125
0 0.69140625 0.5234375 0.013671875 0.01953125
0 0.603515625 0.5693359375 0.009765625 0.017578125
0 0.6484375 0.5908203125 0.013671875 0.01953125
0 0.65234375 0.44921875 0.013671875 0.021484375
0 0.638671875 0.4443359375 0.009765625 0.017578125
0 0.5126953125 0.4384765625 0.013671875 0.01953125
0 0.482421875 0.388671875 0.01171875 0.01953125
0 0.474609375 0.4091796875 0.0078125 0.013671875
0 0.5947265625 0.2763671875 0.009765625 0.015625
0 0.5478515625 0.1689453125 0.009765625 0.01953125
0 0.44140625 0.1865234375 0.009765625 0.017578125
0 0.470703125 0.2099609375 0.01171875 0.01953125
0 0.4658203125 0.16796875 0.0078125 0.013671875