0 0.7880859375 0.287109375 0.12109375 0.166015625
0 0.859375 0.458984375 0.052734375 0.08203125
0 0.80078125 0.5224609375 0.07421875 0.09765625
0 0.5439453125 0.7236328125 0.048828125 0.078125
0 0.4150390625 0.4833984375 0.044921875 0.068359375
0 0.4404296875 0.3310546875 0.052734375 0.0859375
0 0.564453125 0.056640625 0.05078125 0.080078125
0 0.6875 0.302734375 0.04296875 0.052734375
0 0.82421875 0.134765625 0.03125 0.04296875
0 0.939453125 0.224609375 0.0234375 0.0234375
0 0.7685546875 0.8916015625 0.056640625 0.09375
0 0.8525390625 0.7138671875 0.033203125 0.052734375
0 0.3662109375 0.5400390625 0.05078125 0.068359375
0 0.970703125 0.36328125 0.05859375 0.10546875
0 0.6142578125 0.783203125 0.078125 0.09765625
0 0.4912109375 0.259765625 0.046875 0.0546875
0 0.134765625 0.48046875 0.041015625 0.05078125
0 0.341796875 0.0703125 0.025390625 0.04296875
0 0.44140625 0.8955078125 0.03515625 0.046875
0 0.736328125 0.736328125 0.029296875 0.046875
0 0.3876953125 0.8046875 0.03125 0.041015625
0 0.814453125 0.828125 0.04296875 0.07421875
0 0.8857421875 0.9873046875 0.064453125 0.025390625
0 0.052734375 0.2333984375 0.03515625 0.0546875
0 0.3642578125 0.314453125 0.041015625 0.06640625
0 0.3193359375 0.462890625 0.0234375 0.03515625
0 0.2919921875 0.48828125 0.03125 0.037109375
0 0.5341796875 0.4873046875 0.025390625 0.0390625
0 0.6220703125 0.56640625 0.0390625 0.052734375
0 0.96875 0.185546875 0.033203125 0.060546875