0 0.7509765625 0.546875 0.0859375 0.13671875
0 0.904296875 0.82421875 0.083984375 0.125
0 0.8515625 0.9365234375 0.056640625 0.0859375
0 0.6630859375 0.771484375 0.080078125 0.123046875
0 0.220703125 0.5634765625 0.361328125 0.603515625
0 0.2861328125 0.0322265625 0.044921875 0.064453125
0 0.4736328125 0.2265625 0.029296875 0.05078125
0 0.5517578125 0.6572265625 0.046875 0.076171875
0 0.54296875 0.8544921875 0.04296875 0.0625
0 0.4814453125 0.91015625 0.029296875 0.044921875
0 0.4482421875 0.9091796875 0.041015625 0.056640625
0 0.59375 0.2138671875 0.0625 0.0859375
0 0.9873046875 0.412109375 0.025390625 0.09765625
0 0.86328125 0.4697265625 0.03515625 0.05859375
0 0.896484375 0.39453125 0.025390625 0.037109375
0 0.9228515625 0.4140625 0.033203125 0.041015625
0 0.625 0.3662109375 0.052734375 0.107421875
0 0.9658203125 0.677734375 0.025390625 0.048828125
0 0.947265625 0.634765625 0.03125 0.046875
0 0.759765625 0.82421875 0.05078125 0.0859375
0 0.634765625 0.8505859375 0.021484375 0.0390625