0 0.7529296875 0.501953125 0.0634765625 0.126953125
0 0.955078125 0.2607421875 0.0625 0.115234375
0 0.9248046875 0.1416015625 0.04296875 0.0791015625
0 0.7099609375 0.2666015625 0.05859375 0.11328125
0 0.2392578125 0.3857421875 0.2568359375 0.5625
0 0.2021484375 0.919921875 0.0322265625 0.0654296875
0 0.421875 0.7626953125 0.0205078125 0.0458984375
0 0.580078125 0.3564453125 0.0341796875 0.0703125
0 0.6083984375 0.162109375 0.0322265625 0.0576171875
0 0.55859375 0.0966796875 0.0224609375 0.041015625
0 0.5263671875 0.091796875 0.03125 0.05078125
0 0.5361328125 0.796875 0.046875 0.078125
0 0.9775390625 0.68359375 0.044921875 0.091796875
0 0.84765625 0.5986328125 0.0263671875 0.052734375
0 0.8662109375 0.6796875 0.0185546875 0.03515625
0 0.8955078125 0.6640625 0.0263671875 0.0361328125
0 0.595703125 0.654296875 0.0322265625 0.1015625
0 0.9892578125 0.416015625 0.021484375 0.0458984375
0 0.9609375 0.4541015625 0.0224609375 0.04296875
0 0.8134765625 0.2333984375 0.0361328125 0.0810546875
0 0.697265625 0.1845703125 0.015625 0.037109375