0 0.6416015625 0.6279296875 0.14453125 0.3251953125
0 0.2314453125 0.7744140625 0.037109375 0.0625
0 0.25390625 0.8232421875 0.0224609375 0.0439453125
0 0.3125 0.8984375 0.025390625 0.046875
0 0.8095703125 0.9248046875 0.0400390625 0.078125
0 0.6708984375 0.1689453125 0.0244140625 0.0478515625
0 0.9697265625 0.0654296875 0.0361328125 0.068359375
0 0.9111328125 0.7119140625 0.0322265625 0.0595703125
0 0.8896484375 0.693359375 0.013671875 0.0234375
0 0.728515625 0.3935546875 0.0224609375 0.0380859375
0 0.2578125 0.2685546875 0.0263671875 0.044921875
0 0.0595703125 0.4072265625 0.02734375 0.0576171875
0 0.1640625 0.443359375 0.0205078125 0.0341796875
0 0.0107421875 0.6064453125 0.0166015625 0.0263671875
0 0.11328125 0.7158203125 0.015625 0.029296875
0 0.19140625 0.865234375 0.0166015625 0.029296875
0 0.193359375 0.9091796875 0.0146484375 0.0283203125
0 0.3720703125 0.2080078125 0.0185546875 0.029296875
0 0.75390625 0.0380859375 0.0283203125 0.046875
0 0.173828125 0.2255859375 0.017578125 0.029296875
0 0.0703125 0.1982421875 0.01953125 0.029296875
0 0.0400390625 0.2158203125 0.017578125 0.0283203125
0 0.2705078125 0.1767578125 0.021484375 0.04296875
0 0.1669921875 0.2841796875 0.013671875 0.029296875
0 0.154296875 0.8125 0.0146484375 0.0224609375
0 0.166015625 0.7998046875 0.01171875 0.0224609375
0 0.154296875 0.8388671875 0.0126953125 0.01953125
0 0.01953125 0.201171875 0.01171875 0.0244140625
0 0.0078125 0.0517578125 0.013671875 0.0283203125
0 0.0322265625 0.037109375 0.013671875 0.0224609375
0 0.0634765625 0.0322265625 0.0087890625 0.0185546875
0 0.21484375 0.015625 0.017578125 0.03125
0 0.205078125 0.0966796875 0.01171875 0.0224609375
0 0.1298828125 0.1357421875 0.01171875 0.025390625
0 0.091796875 0.115234375 0.013671875 0.025390625
0 0.0830078125 0.45703125 0.013671875 0.0244140625
0 0.0185546875 0.4697265625 0.015625 0.0380859375
0 0.0859375 0.4365234375 0.0166015625 0.0283203125
0 0.1572265625 0.53125 0.0185546875 0.0400390625
0 0.109375 0.5703125 0.015625 0.03515625
0 0.251953125 0.4970703125 0.015625 0.029296875
0 0.1669921875 0.6396484375 0.013671875 0.0224609375
0 0.34375 0.8544921875 0.015625 0.03125
0 0.4345703125 0.5498046875 0.0166015625 0.025390625
0 0.50390625 0.583984375 0.0166015625 0.0263671875
0 0.0048828125 0.8515625 0.009765625 0.0234375
0 0.0302734375 0.8662109375 0.009765625 0.015625
0 0.103515625 0.900390625 0.013671875 0.0185546875
0 0.0869140625 0.6591796875 0.009765625 0.0185546875
0 0.10546875 0.625 0.0166015625 0.021484375
0 0.087890625 0.5791015625 0.01171875 0.0185546875
0 0.302734375 0.259765625 0.01171875 0.0185546875
0 0.1123046875 0.1591796875 0.009765625 0.0166015625
0 0.044921875 0.1533203125 0.009765625 0.0166015625
0 0.35546875 0.060546875 0.015625 0.0244140625
0 0.3662109375 0.1328125 0.0166015625 0.02734375
0 0.48046875 0.1220703125 0.0146484375 0.025390625
0 0.3447265625 0.63671875 0.009765625 0.0224609375
0 0.4248046875 0.580078125 0.01171875 0.025390625
0 0.4765625 0.8720703125 0.0107421875 0.021484375
0 0.4599609375 0.8779296875 0.0107421875 0.0185546875
0 0.412109375 0.94921875 0.009765625 0.0224609375
0 0.4296875 0.65625 0.01171875 0.0224609375
0 0.474609375 0.337890625 0.015625 0.0244140625
0 0.4814453125 0.3583984375 0.0107421875 0.025390625
0 0.5126953125 0.19921875 0.015625 0.025390625
0 0.5341796875 0.2373046875 0.013671875 0.029296875
0 0.5703125 0.2421875 0.017578125 0.03125
0 0.556640625 0.333984375 0.0126953125 0.01953125
0 0.5517578125 0.2626953125 0.0126953125 0.02734375
0 0.5009765625 0.4208984375 0.0234375 0.0283203125
0 0.63671875 0.31640625 0.013671875 0.021484375
0 0.6630859375 0.3173828125 0.013671875 0.021484375
0 0.6748046875 0.3310546875 0.0087890625 0.0224609375
0 0.69140625 0.2646484375 0.0234375 0.0341796875
0 0.6220703125 0.271484375 0.01171875 0.01953125
0 0.62890625 0.0751953125 0.0185546875 0.0341796875
0 0.6005859375 0.01953125 0.0205078125 0.0380859375
0 0.5380859375 0.0263671875 0.01171875 0.0224609375
0 0.728515625 0.072265625 0.015625 0.029296875
0 0.763671875 0.3017578125 0.017578125 0.02734375
0 0.7626953125 0.552734375 0.021484375 0.029296875
0 0.7998046875 0.546875 0.013671875 0.0244140625
0 0.8134765625 0.5703125 0.0166015625 0.0263671875
0 0.65234375 0.990234375 0.013671875 0.01953125
0 0.740234375 0.826171875 0.0146484375 0.0283203125
0 0.7861328125 0.8369140625 0.0166015625 0.0341796875
0 0.744140625 0.9052734375 0.0146484375 0.0224609375
0 0.7265625 0.9453125 0.0166015625 0.029296875
0 0.736328125 0.982421875 0.01171875 0.01953125
0 0.7705078125 0.982421875 0.013671875 0.021484375
0 0.857421875 0.9189453125 0.013671875 0.029296875
0 0.8935546875 0.62109375 0.015625 0.0283203125
0 0.84765625 0.5947265625 0.0126953125 0.0185546875
0 0.8349609375 0.34765625 0.0166015625 0.0244140625
0 0.884765625 0.390625 0.0146484375 0.0283203125
0 0.86328125 0.080078125 0.01171875 0.01953125
0 0.9052734375 0.0673828125 0.01171875 0.01953125
0 0.7978515625 0.2578125 0.0126953125 0.0224609375