0 0.119140625 0.494140625 0.119140625 0.171875
0 0.224609375 0.2041015625 0.064453125 0.091796875
0 0.4287109375 0.521484375 0.09375 0.1796875
0 0.44921875 0.3837890625 0.0517578125 0.0908203125
0 0.5517578125 0.2529296875 0.0390625 0.0595703125
0 0.583984375 0.23828125 0.033203125 0.0615234375
0 0.6015625 0.86328125 0.0478515625 0.078125
0 0.7138671875 0.1640625 0.041015625 0.0634765625
0 0.6484375 0.3623046875 0.0322265625 0.0478515625
0 0.9130859375 0.826171875 0.0556640625 0.083984375
0 0.3486328125 0.7880859375 0.0244140625 0.03515625
0 0.09765625 0.9814453125 0.021484375 0.0341796875
0 0.0751953125 0.947265625 0.0244140625 0.0302734375
0 0.8916015625 0.28125 0.04296875 0.076171875
0 0.837890625 0.54296875 0.0576171875 0.09765625
0 0.9072265625 0.3740234375 0.025390625 0.0546875
0 0.8330078125 0.0830078125 0.048828125 0.0869140625
0 0.9345703125 0.26171875 0.015625 0.0244140625
0 0.984375 0.302734375 0.025390625 0.0380859375
0 0.6162109375 0.3173828125 0.01953125 0.0302734375
0 0.685546875 0.3291015625 0.0234375 0.0439453125
0 0.7001953125 0.513671875 0.021484375 0.0302734375
0 0.6513671875 0.611328125 0.021484375 0.029296875
0 0.6640625 0.6611328125 0.0205078125 0.03125
0 0.7890625 0.8310546875 0.025390625 0.0400390625
0 0.029296875 0.484375 0.0419921875 0.0595703125
0 0.19140625 0.34375 0.0205078125 0.0361328125
0 0.193359375 0.654296875 0.015625 0.0263671875
0 0.228515625 0.595703125 0.017578125 0.0244140625
0 0.119140625 0.865234375 0.0205078125 0.03125
0 0.2158203125 0.61328125 0.013671875 0.0205078125
0 0.0791015625 0.884765625 0.0126953125 0.025390625
0 0.060546875 0.9013671875 0.013671875 0.0234375
0 0.0927734375 0.7783203125 0.0224609375 0.0380859375
0 0.4306640625 0.884765625 0.017578125 0.025390625
0 0.5673828125 0.966796875 0.0244140625 0.029296875
0 0.5390625 0.0869140625 0.0185546875 0.0263671875
0 0.5380859375 0.0615234375 0.013671875 0.021484375
0 0.6953125 0.2138671875 0.01953125 0.0263671875
0 0.7099609375 0.294921875 0.0205078125 0.03125
0 0.642578125 0.798828125 0.0166015625 0.025390625
0 0.16796875 0.8408203125 0.0166015625 0.0244140625
0 0.009765625 0.9921875 0.01953125 0.015625
0 0.0263671875 0.7998046875 0.0126953125 0.0234375
0 0.0615234375 0.0625 0.015625 0.021484375
0 0.9345703125 0.5810546875 0.0166015625 0.0283203125
0 0.8837890625 0.5947265625 0.021484375 0.025390625
0 0.822265625 0.6240234375 0.0107421875 0.0185546875
0 0.806640625 0.6025390625 0.0107421875 0.0166015625
0 0.7763671875 0.5517578125 0.013671875 0.0234375
0 0.85546875 0.8583984375 0.02734375 0.041015625
0 0.908203125 0.9765625 0.0224609375 0.03515625
0 0.9775390625 0.822265625 0.017578125 0.0283203125
0 0.9130859375 0.685546875 0.0166015625 0.0244140625
0 0.6220703125 0.5703125 0.013671875 0.0185546875
0 0.3369140625 0.7060546875 0.0185546875 0.025390625
0 0.4609375 0.9580078125 0.0107421875 0.01953125
0 0.7705078125 0.74609375 0.0146484375 0.025390625
0 0.8232421875 0.009765625 0.013671875 0.0185546875
0 0.8642578125 0.0341796875 0.01171875 0.0205078125
0 0.8681640625 0.1044921875 0.0126953125 0.0234375
0 0.8935546875 0.158203125 0.0146484375 0.0234375
0 0.8310546875 0.3173828125 0.015625 0.0234375
0 0.78125 0.2001953125 0.0166015625 0.0244140625
0 0.583984375 0.3916015625 0.0146484375 0.0205078125
0 0.873046875 0.4130859375 0.013671875 0.0224609375
0 0.865234375 0.4453125 0.017578125 0.0322265625
0 0.8544921875 0.421875 0.01171875 0.0224609375
0 0.861328125 0.3955078125 0.017578125 0.025390625
0 0.8662109375 0.34375 0.01953125 0.0390625
0 0.84765625 0.34375 0.013671875 0.0244140625
0 0.84375 0.3203125 0.0087890625 0.0146484375
0 0.7822265625 0.2734375 0.01171875 0.017578125
0 0.625 0.1982421875 0.0126953125 0.0185546875
0 0.5869140625 0.5419921875 0.013671875 0.0185546875
0 0.6552734375 0.453125 0.0107421875 0.0234375
0 0.6435546875 0.4453125 0.013671875 0.021484375
0 0.07421875 0.0126953125 0.017578125 0.0244140625
0 0.0234375 0.0400390625 0.0166015625 0.02734375
0 0.5908203125 0.1318359375 0.013671875 0.0244140625
0 0.154296875 0.6630859375 0.0146484375 0.0224609375
0 0.298828125 0.5234375 0.015625 0.015625
0 0.3427734375 0.5400390625 0.017578125 0.0205078125
0 0.1533203125 0.7177734375 0.01171875 0.01953125
0 0.9794921875 0.65234375 0.0263671875 0.04296875
0 0.92578125 0.5126953125 0.0166015625 0.0234375
0 0.9482421875 0.5 0.0146484375 0.0234375
0 0.951171875 0.525390625 0.0126953125 0.01953125
0 0.939453125 0.669921875 0.01171875 0.01953125
0 0.5205078125 0.8515625 0.03125 0.0498046875
0 0.3916015625 0.798828125 0.056640625 0.0810546875
0 0.2978515625 0.724609375 0.037109375 0.0576171875
0 0.400390625 0.3359375 0.0126953125 0.0205078125