0 0.8896484375 0.4814453125 0.130859375 0.181640625
0 0.7666015625 0.19140625 0.0703125 0.095703125
0 0.576171875 0.525390625 0.10546875 0.1875
0 0.5478515625 0.38671875 0.056640625 0.09375
0 0.4365234375 0.2587890625 0.04296875 0.0625
0 0.4033203125 0.24609375 0.037109375 0.064453125
0 0.4189453125 0.880859375 0.052734375 0.08203125
0 0.267578125 0.177734375 0.044921875 0.06640625
0 0.3447265625 0.375 0.03515625 0.05078125
0 0.1005859375 0.8603515625 0.060546875 0.087890625
0 0.671875 0.791015625 0.02734375 0.037109375
0 0.9365234375 0.966796875 0.0234375 0.0234375
0 0.9580078125 0.9384765625 0.025390625 0.033203125
0 0.09375 0.3056640625 0.048828125 0.080078125
0 0.162109375 0.568359375 0.064453125 0.103515625
0 0.0830078125 0.400390625 0.02734375 0.056640625
0 0.142578125 0.1015625 0.0546875 0.08984375
0 0.0498046875 0.2880859375 0.017578125 0.025390625
0 0.0068359375 0.3310546875 0.013671875 0.041015625
0 0.375 0.3271484375 0.021484375 0.033203125
0 0.3046875 0.3427734375 0.025390625 0.046875
0 0.30078125 0.5322265625 0.0234375 0.033203125
0 0.35546875 0.6279296875 0.0234375 0.03125
0 0.3447265625 0.6806640625 0.021484375 0.033203125
0 0.2275390625 0.8583984375 0.02734375 0.04296875
0 0.978515625 0.4658203125 0.04296875 0.0625
0 0.8076171875 0.33203125 0.021484375 0.0390625
0 0.822265625 0.6474609375 0.017578125 0.02734375
0 0.783203125 0.58984375 0.01953125 0.025390625
0 0.9091796875 0.8583984375 0.0234375 0.033203125
0 0.7978515625 0.6064453125 0.015625 0.021484375
0 0.951171875 0.875 0.015625 0.02734375
0 0.970703125 0.8916015625 0.015625 0.0234375
0 0.9306640625 0.767578125 0.025390625 0.0390625
0 0.59375 0.89453125 0.01953125 0.02734375
0 0.458984375 0.984375 0.02734375 0.03125
0 0.44140625 0.08984375 0.01953125 0.02734375
0 0.44140625 0.064453125 0.015625 0.0234375
0 0.2890625 0.2275390625 0.021484375 0.029296875
0 0.279296875 0.310546875 0.021484375 0.033203125
0 0.3740234375 0.818359375 0.017578125 0.02734375
0 0.8583984375 0.8359375 0.017578125 0.025390625
0 0.99609375 0.787109375 0.0078125 0.0234375
0 0.9248046875 0.0400390625 0.017578125 0.0234375
0 0.0654296875 0.6123046875 0.017578125 0.029296875
0 0.1181640625 0.6240234375 0.0234375 0.02734375
0 0.18359375 0.650390625 0.01171875 0.01953125
0 0.197265625 0.626953125 0.01171875 0.017578125
0 0.2255859375 0.5751953125 0.015625 0.0234375
0 0.1611328125 0.8896484375 0.029296875 0.04296875
0 0.1142578125 0.99609375 0.025390625 0.0078125
0 0.03515625 0.859375 0.01953125 0.029296875
0 0.09375 0.7177734375 0.017578125 0.025390625
0 0.3828125 0.5849609375 0.013671875 0.01953125
0 0.6787109375 0.7080078125 0.01953125 0.02734375
0 0.56640625 0.970703125 0.01171875 0.01953125
0 0.2412109375 0.771484375 0.017578125 0.02734375
0 0.1484375 0.0263671875 0.013671875 0.017578125
0 0.1083984375 0.052734375 0.013671875 0.021484375
0 0.1083984375 0.125 0.013671875 0.0234375
0 0.0849609375 0.181640625 0.017578125 0.0234375
0 0.1572265625 0.3388671875 0.017578125 0.0234375
0 0.201171875 0.21875 0.017578125 0.025390625
0 0.412109375 0.40234375 0.015625 0.021484375
0 0.119140625 0.4384765625 0.015625 0.0234375
0 0.12890625 0.470703125 0.01953125 0.033203125
0 0.1396484375 0.4462890625 0.013671875 0.0234375
0 0.1298828125 0.4208984375 0.01953125 0.02734375
0 0.1220703125 0.3681640625 0.0234375 0.041015625
0 0.1416015625 0.3671875 0.015625 0.025390625
0 0.1435546875 0.34375 0.009765625 0.015625
0 0.2041015625 0.29296875 0.01171875 0.017578125
0 0.359375 0.2080078125 0.013671875 0.01953125
0 0.4169921875 0.5546875 0.013671875 0.01953125
0 0.3427734375 0.4677734375 0.01171875 0.0234375
0 0.3544921875 0.4599609375 0.015625 0.0234375
0 0.962890625 0.015625 0.017578125 0.029296875
0 0.3916015625 0.138671875 0.015625 0.025390625
0 0.86328125 0.654296875 0.015625 0.0234375
0 0.7080078125 0.5205078125 0.015625 0.015625
0 0.6640625 0.5390625 0.01953125 0.021484375
0 0.8662109375 0.7099609375 0.013671875 0.01953125
0 0.0244140625 0.6875 0.029296875 0.044921875
0 0.0712890625 0.5419921875 0.017578125 0.0234375
0 0.0478515625 0.5302734375 0.017578125 0.0234375
0 0.0458984375 0.556640625 0.013671875 0.01953125
0 0.0654296875 0.703125 0.013671875 0.01953125
0 0.5009765625 0.8642578125 0.03515625 0.05078125
0 0.62890625 0.8037109375 0.0625 0.083984375
0 0.7197265625 0.7255859375 0.041015625 0.060546875
0 0.5947265625 0.3359375 0.013671875 0.021484375