0 0.5029296875 0.36328125 0.1328125 0.15234375
0 0.458984375 0.71484375 0.16015625 0.181640625
0 0.263671875 0.4619140625 0.111328125 0.123046875
0 0.1845703125 0.3564453125 0.0859375 0.1015625
0 0.125 0.220703125 0.087890625 0.109375
0 0.193359375 0.2265625 0.046875 0.091796875
0 0.1201171875 0.1142578125 0.0859375 0.0859375
0 0.3623046875 0.9677734375 0.083984375 0.064453125
0 0.2763671875 0.990234375 0.041015625 0.01953125
0 0.0654296875 0.955078125 0.041015625 0.0546875
0 0.6689453125 0.9814453125 0.02734375 0.0234375
0 0.599609375 0.904296875 0.115234375 0.140625
0 0.478515625 0.9541015625 0.017578125 0.025390625
0 0.025390625 0.5517578125 0.02734375 0.03125
0 0.02734375 0.28515625 0.037109375 0.041015625
0 0.078125 0.3896484375 0.0234375 0.02734375
0 0.001953125 0.3310546875 0.00390625 0.021484375
0 0.3251953125 0.265625 0.0625 0.068359375
0 0.75 0.556640625 0.08984375 0.1015625
0 0.87890625 0.7236328125 0.048828125 0.060546875
0 0.828125 0.8154296875 0.03125 0.03515625
0 0.8974609375 0.8662109375 0.029296875 0.0390625
0 0.9296875 0.86328125 0.037109375 0.044921875
0 0.9453125 0.94921875 0.07421875 0.060546875
0 0.6396484375 0.2138671875 0.060546875 0.07421875
0 0.8798828125 0.1943359375 0.02734375 0.02734375
0 0.9228515625 0.1923828125 0.021484375 0.02734375
0 0.9462890625 0.2490234375 0.0234375 0.029296875
0 0.9794921875 0.3818359375 0.03125 0.046875
0 0.68359375 0.2431640625 0.01953125 0.0234375
0 0.7158203125 0.244140625 0.017578125 0.021484375
0 0.818359375 0.451171875 0.021484375 0.02734375
0 0.9951171875 0.7197265625 0.009765625 0.033203125
0 0.6083984375 0.5302734375 0.0234375 0.033203125
0 0.5927734375 0.677734375 0.021484375 0.029296875
0 0.6689453125 0.6123046875 0.01953125 0.021484375
0 0.6513671875 0.6201171875 0.0234375 0.029296875
0 0.5927734375 0.67578125 0.021484375 0.03125
0 0.591796875 0.7412109375 0.021484375 0.025390625
0 0.6083984375 0.80078125 0.046875 0.0546875
0 0.6796875 0.7275390625 0.0234375 0.033203125
0 0.6494140625 0.755859375 0.017578125 0.0234375
0 0.21875 0.091796875 0.03515625 0.0390625
0 0.1796875 0.1396484375 0.025390625 0.029296875
0 0.2041015625 0.0302734375 0.02734375 0.033203125
0 0.302734375 0.0693359375 0.021484375 0.02734375
0 0.3798828125 0.1171875 0.017578125 0.025390625
0 0.4130859375 0.1103515625 0.0390625 0.05859375
0 0.5771484375 0.005859375 0.041015625 0.01171875
0 0.671875 0.01953125 0.029296875 0.037109375
0 0.611328125 0.06640625 0.021484375 0.02734375
0 0.6689453125 0.0673828125 0.0234375 0.025390625
0 0.6396484375 0.1611328125 0.021484375 0.0234375
0 0.96875 0.1982421875 0.015625 0.01953125
0 0.9931640625 0.5673828125 0.013671875 0.029296875
0 0.376953125 0.837890625 0.181640625 0.224609375
0 0.3115234375 0.6279296875 0.134765625 0.138671875
0 0.3095703125 0.7138671875 0.078125 0.087890625
0 0.173828125 0.431640625 0.056640625 0.078125
0 0.2109375 0.5712890625 0.0546875 0.072265625
0 0.359375 0.3818359375 0.025390625 0.021484375
0 0.3720703125 0.4775390625 0.017578125 0.0234375
0 0.34765625 0.5341796875 0.021484375 0.0234375
0 0.3203125 0.525390625 0.021484375 0.02734375
0 0.4912109375 0.55078125 0.0234375 0.0234375
0 0.4384765625 0.5595703125 0.0234375 0.025390625
0 0.5322265625 0.5 0.01953125 0.025390625
0 0.4990234375 0.462890625 0.017578125 0.021484375
0 0.630859375 0.326171875 0.021484375 0.0234375
0 0.6611328125 0.369140625 0.017578125 0.01953125
0 0.9482421875 0.515625 0.0234375 0.025390625
0 0.83984375 0.8798828125 0.021484375 0.02734375
0 0.693359375 0.68359375 0.015625 0.021484375
0 0.71484375 0.6376953125 0.01953125 0.021484375
0 0.642578125 0.5009765625 0.01171875 0.013671875
0 0.7080078125 0.4912109375 0.017578125 0.01953125
0 0.5068359375 0.181640625 0.025390625 0.033203125
0 0.41796875 0.2890625 0.029296875 0.02734375
0 0.4912109375 0.2685546875 0.017578125 0.01953125
0 0.3544921875 0.4287109375 0.017578125 0.017578125
0 0.4580078125 0.0546875 0.017578125 0.021484375
0 0.408203125 0.0224609375 0.033203125 0.033203125
0 0.8857421875 0.0224609375 0.0234375 0.029296875
0 0.7763671875 0.2861328125 0.021484375 0.0234375
0 0.779296875 0.19140625 0.021484375 0.021484375
0 0.517578125 0.146484375 0.01171875 0.013671875
0 0.4599609375 0.1552734375 0.01171875 0.013671875
0 0.58203125 0.1162109375 0.01953125 0.021484375
0 0.5068359375 0.1328125 0.009765625 0.013671875
0 0.400390625 0.23828125 0.009765625 0.013671875
0 0.3876953125 0.220703125 0.01171875 0.01171875
0 0.416015625 0.146484375 0.01171875 0.013671875
0 0.5458984375 0.1279296875 0.013671875 0.017578125
0 0.53515625 0.1005859375 0.009765625 0.013671875
0 0.5107421875 0.9345703125 0.01171875 0.013671875
0 0.533203125 0.9091796875 0.013671875 0.015625
0 0.572265625 0.994140625 0.013671875 0.005859375
0 0.66015625 0.9072265625 0.015625 0.021484375
0 0.736328125 0.69140625 0.015625 0.01953125
0 0.76171875 0.7490234375 0.017578125 0.021484375
0 0.7939453125 0.8193359375 0.013671875 0.017578125
0 0.865234375 0.3486328125 0.013671875 0.015625
0 0.970703125 0.146484375 0.013671875 0.013671875
0 0.9736328125 0.1650390625 0.0078125 0.009765625
0 0.009765625 0.416015625 0.01171875 0.013671875
0 0.0390625 0.07421875 0.015625 0.015625
0 0.064453125 0.236328125 0.01953125 0.0234375
0 0.0341796875 0.2470703125 0.025390625 0.029296875
0 0.236328125 0.259765625 0.01953125 0.021484375
0 0.2119140625 0.275390625 0.017578125 0.0234375
0 0.2490234375 0.283203125 0.01171875 0.015625
0 0.2353515625 0.7783203125 0.013671875 0.017578125
0 0.2451171875 0.81640625 0.01171875 0.017578125
0 0.208984375 0.6611328125 0.0078125 0.01171875
0 0.1689453125 0.72265625 0.01171875 0.013671875
0 0.15625 0.5478515625 0.015625 0.01953125
0 0.103515625 0.419921875 0.013671875 0.017578125
0 0.1279296875 0.388671875 0.015625 0.01953125
0 0.1171875 0.412109375 0.013671875 0.021484375
0 0.0986328125 0.28125 0.025390625 0.03515625