0 0.5078125 0.3525390625 0.1220703125 0.142578125
0 0.4482421875 0.69140625 0.1474609375 0.16796875
0 0.2705078125 0.4365234375 0.1025390625 0.1142578125
0 0.2001953125 0.330078125 0.0771484375 0.09375
0 0.1494140625 0.1962890625 0.0791015625 0.1015625
0 0.21484375 0.205078125 0.041015625 0.0859375
0 0.1494140625 0.0927734375 0.0791015625 0.080078125
0 0.3408203125 0.951171875 0.078125 0.09765625
0 0.2578125 0.96484375 0.0380859375 0.0478515625
0 0.0537109375 0.9033203125 0.0380859375 0.05078125
0 0.4609375 0.9833984375 0.021484375 0.0283203125
0 0.638671875 0.966796875 0.0263671875 0.03125
0 0.57421875 0.8818359375 0.1044921875 0.130859375
0 0.4541015625 0.9228515625 0.015625 0.0244140625
0 0.0361328125 0.5107421875 0.025390625 0.0283203125
0 0.05078125 0.25390625 0.033203125 0.0380859375
0 0.0947265625 0.357421875 0.0205078125 0.0244140625
0 0.01953125 0.2978515625 0.013671875 0.01953125
0 0.3408203125 0.2490234375 0.0576171875 0.0634765625
0 0.7373046875 0.5517578125 0.0810546875 0.09375
0 0.8525390625 0.720703125 0.0439453125 0.056640625
0 0.7998046875 0.8076171875 0.0283203125 0.033203125
0 0.8642578125 0.8603515625 0.02734375 0.03515625
0 0.8955078125 0.859375 0.0322265625 0.041015625
0 0.90625 0.9541015625 0.0693359375 0.078125
0 0.6474609375 0.2158203125 0.0556640625 0.0693359375
0 0.880859375 0.208984375 0.025390625 0.0263671875
0 0.9228515625 0.208984375 0.0185546875 0.0263671875
0 0.9423828125 0.2646484375 0.0205078125 0.02734375
0 0.9755859375 0.396484375 0.041015625 0.044921875
0 0.689453125 0.24609375 0.017578125 0.021484375
0 0.7197265625 0.2490234375 0.015625 0.0205078125
0 0.80859375 0.4541015625 0.01953125 0.025390625
0 0.9765625 0.7255859375 0.02734375 0.03125
0 0.6005859375 0.5205078125 0.0205078125 0.0302734375
0 0.5791015625 0.662109375 0.0185546875 0.0263671875
0 0.65625 0.6025390625 0.0166015625 0.021484375
0 0.638671875 0.609375 0.0224609375 0.02734375
0 0.578125 0.66015625 0.01953125 0.029296875
0 0.57421875 0.7236328125 0.0205078125 0.0234375
0 0.587890625 0.78125 0.0419921875 0.0498046875
0 0.6611328125 0.71484375 0.0205078125 0.0302734375
0 0.6298828125 0.7412109375 0.0166015625 0.0224609375
0 0.24609375 0.076171875 0.033203125 0.0361328125
0 0.20703125 0.1201171875 0.0224609375 0.02734375
0 0.236328125 0.015625 0.02734375 0.03125
0 0.328125 0.05859375 0.0205078125 0.025390625
0 0.4013671875 0.1083984375 0.015625 0.0234375
0 0.43359375 0.1044921875 0.03515625 0.0556640625
0 0.8857421875 0.0107421875 0.044921875 0.0205078125
0 0.5986328125 0.0078125 0.041015625 0.015625
0 0.689453125 0.029296875 0.02734375 0.0341796875
0 0.6279296875 0.072265625 0.0185546875 0.025390625
0 0.6826171875 0.0751953125 0.021484375 0.0224609375
0 0.650390625 0.1650390625 0.01953125 0.021484375
0 0.966796875 0.2177734375 0.0146484375 0.0185546875
0 0.974609375 0.5751953125 0.015625 0.029296875
0 0.9931640625 0.46484375 0.013671875 0.0205078125
0 0.361328125 0.8056640625 0.166015625 0.2099609375
0 0.30859375 0.6005859375 0.125 0.1279296875
0 0.3037109375 0.68359375 0.072265625 0.0830078125
0 0.185546875 0.4033203125 0.0517578125 0.0732421875
0 0.21484375 0.5390625 0.048828125 0.06640625
0 0.369140625 0.3642578125 0.0224609375 0.01953125
0 0.375 0.45703125 0.015625 0.021484375
0 0.34765625 0.51171875 0.01953125 0.021484375
0 0.322265625 0.5009765625 0.0205078125 0.0244140625
0 0.4873046875 0.5341796875 0.0205078125 0.0224609375
0 0.4345703125 0.5400390625 0.021484375 0.0234375
0 0.529296875 0.4873046875 0.017578125 0.0244140625
0 0.4990234375 0.44921875 0.015625 0.01953125
0 0.6328125 0.3232421875 0.01953125 0.021484375
0 0.6611328125 0.3671875 0.015625 0.01953125
0 0.931640625 0.5234375 0.021484375 0.0234375
0 0.8076171875 0.8701171875 0.01953125 0.0263671875
0 0.67578125 0.6728515625 0.0146484375 0.01953125
0 0.6982421875 0.62890625 0.0166015625 0.021484375
0 0.6357421875 0.494140625 0.01171875 0.013671875
0 0.69921875 0.4873046875 0.017578125 0.0185546875
0 0.5205078125 0.1787109375 0.0234375 0.03125
0 0.4287109375 0.2763671875 0.0263671875 0.0244140625
0 0.5009765625 0.26171875 0.0146484375 0.0185546875
0 0.3603515625 0.4091796875 0.0166015625 0.0166015625
0 0.48046875 0.0517578125 0.015625 0.0205078125
0 0.43359375 0.01953125 0.0302734375 0.0302734375
0 0.8955078125 0.04296875 0.021484375 0.0263671875
0 0.775390625 0.29296875 0.0185546875 0.021484375
0 0.783203125 0.2001953125 0.01953125 0.01953125
0 0.533203125 0.1435546875 0.0107421875 0.013671875
0 0.4775390625 0.1494140625 0.01171875 0.013671875
0 0.5966796875 0.1181640625 0.017578125 0.0205078125
0 0.5234375 0.1298828125 0.0087890625 0.01171875
0 0.4140625 0.2265625 0.009765625 0.0126953125
0 0.4033203125 0.208984375 0.009765625 0.0107421875
0 0.4345703125 0.138671875 0.009765625 0.0126953125
0 0.5615234375 0.1279296875 0.013671875 0.0166015625
0 0.5517578125 0.099609375 0.0087890625 0.013671875
0 0.9716796875 0.8681640625 0.0078125 0.013671875
0 0.9814453125 0.8427734375 0.01171875 0.0146484375
0 0.486328125 0.90625 0.01171875 0.013671875
0 0.509765625 0.8828125 0.01171875 0.0146484375
0 0.54296875 0.97265625 0.0126953125 0.0166015625
0 0.5224609375 0.9775390625 0.01171875 0.0126953125
0 0.6328125 0.8876953125 0.0126953125 0.01953125
0 0.716796875 0.6826171875 0.0146484375 0.0185546875
0 0.73828125 0.740234375 0.0146484375 0.0205078125
0 0.7666015625 0.80859375 0.0126953125 0.0166015625
0 0.859375 0.357421875 0.01171875 0.0146484375
0 0.9716796875 0.16796875 0.01171875 0.0126953125
0 0.97265625 0.1845703125 0.0068359375 0.0087890625
0 0.02734375 0.3798828125 0.009765625 0.013671875
0 0.009765625 0.05859375 0.013671875 0.015625
0 0.0732421875 0.0498046875 0.0146484375 0.013671875
0 0.08984375 0.2080078125 0.0166015625 0.0224609375
0 0.0595703125 0.216796875 0.0224609375 0.02734375
0 0.2548828125 0.2392578125 0.017578125 0.0205078125
0 0.23046875 0.25390625 0.015625 0.0224609375
0 0.265625 0.263671875 0.01171875 0.0146484375
0 0.2265625 0.740234375 0.013671875 0.017578125
0 0.234375 0.7783203125 0.0107421875 0.017578125
0 0.2080078125 0.6259765625 0.0078125 0.0107421875
0 0.1669921875 0.6845703125 0.0107421875 0.013671875
0 0.162109375 0.5146484375 0.0146484375 0.0185546875
0 0.1181640625 0.388671875 0.013671875 0.0166015625
0 0.14453125 0.3583984375 0.013671875 0.0185546875
0 0.130859375 0.380859375 0.01171875 0.021484375
0 0.1201171875 0.25390625 0.0244140625 0.0322265625