0 0.5859375 0.8671875 0.208984375 0.240234375
0 0.580078125 0.4814453125 0.111328125 0.119140625
0 0.775390625 0.62890625 0.12890625 0.146484375
0 0.9755859375 0.4208984375 0.048828125 0.216796875
0 0.78515625 0.22265625 0.0625 0.07421875
0 0.236328125 0.5302734375 0.09375 0.138671875
0 0.3193359375 0.3671875 0.087890625 0.09375
0 0.4658203125 0.1259765625 0.060546875 0.060546875
0 0.572265625 0.15625 0.044921875 0.052734375
0 0.412109375 0.1240234375 0.037109375 0.044921875
0 0.1103515625 0.7392578125 0.04296875 0.05078125
0 0.255859375 0.8037109375 0.041015625 0.048828125
0 0.2353515625 0.73828125 0.033203125 0.037109375
0 0.1455078125 0.5419921875 0.021484375 0.02734375
0 0.115234375 0.6240234375 0.017578125 0.01953125
0 0.177734375 0.5927734375 0.01953125 0.0234375
0 0.2841796875 0.6318359375 0.03125 0.03515625
0 0.3115234375 0.6826171875 0.029296875 0.03515625
0 0.3466796875 0.5244140625 0.021484375 0.025390625
0 0.3740234375 0.65234375 0.01953125 0.0234375
0 0.3173828125 0.7216796875 0.01953125 0.025390625
0 0.3974609375 0.8525390625 0.021484375 0.025390625
0 0.232421875 0.8369140625 0.017578125 0.025390625
0 0.0888671875 0.837890625 0.015625 0.01953125
0 0.181640625 0.177734375 0.015625 0.017578125
0 0.1669921875 0.138671875 0.015625 0.017578125
0 0.4462890625 0.01953125 0.0234375 0.025390625
0 0.4853515625 0.2509765625 0.033203125 0.037109375
0 0.4072265625 0.1728515625 0.017578125 0.01953125
0 0.2353515625 0.4091796875 0.033203125 0.052734375
0 0.7216796875 0.376953125 0.1796875 0.185546875
0 0.658203125 0.412109375 0.03125 0.0390625
0 0.7119140625 0.4736328125 0.029296875 0.033203125
0 0.50390625 0.5263671875 0.021484375 0.025390625
0 0.4365234375 0.6455078125 0.033203125 0.03515625
0 0.44140625 0.728515625 0.017578125 0.0234375
0 0.505859375 0.716796875 0.0234375 0.0234375
0 0.494140625 0.7958984375 0.01953125 0.025390625
0 0.5498046875 0.7314453125 0.017578125 0.021484375
0 0.5791015625 0.6259765625 0.017578125 0.025390625
0 0.7021484375 0.5458984375 0.02734375 0.037109375
0 0.3759765625 0.5712890625 0.029296875 0.033203125
0 0.4794921875 0.345703125 0.0390625 0.046875
0 0.6728515625 0.15234375 0.0234375 0.02734375
0 0.69140625 0.1591796875 0.015625 0.021484375
0 0.6767578125 0.1142578125 0.0234375 0.025390625
0 0.7021484375 0.0791015625 0.0234375 0.02734375
0 0.78515625 0.0966796875 0.01953125 0.025390625
0 0.8974609375 0.2548828125 0.021484375 0.0234375
0 0.9931640625 0.2685546875 0.013671875 0.041015625
0 0.9794921875 0.1904296875 0.021484375 0.02734375
0 0.9716796875 0.3427734375 0.013671875 0.01953125
0 0.8818359375 0.6376953125 0.02734375 0.029296875
0 0.9052734375 0.552734375 0.033203125 0.0390625
0 0.87890625 0.5224609375 0.017578125 0.01953125
0 0.9296875 0.5654296875 0.015625 0.01953125
0 0.9091796875 0.5849609375 0.015625 0.017578125
0 0.9150390625 0.59375 0.017578125 0.015625
0 0.962890625 0.6201171875 0.03515625 0.046875
0 0.9375 0.6787109375 0.029296875 0.037109375
0 0.642578125 0.626953125 0.017578125 0.01953125
0 0.67578125 0.736328125 0.013671875 0.01953125
0 0.7587890625 0.8056640625 0.01953125 0.02734375
0 0.7890625 0.7861328125 0.029296875 0.03515625
0 0.79296875 0.8310546875 0.044921875 0.044921875
0 0.849609375 0.841796875 0.048828125 0.05859375
0 0.8759765625 0.8212890625 0.01953125 0.0234375
0 0.8037109375 0.888671875 0.021484375 0.029296875
0 0.8125 0.8671875 0.013671875 0.017578125
0 0.841796875 0.984375 0.0234375 0.02734375
0 0.8642578125 0.97265625 0.017578125 0.017578125
0 0.94921875 0.9951171875 0.03125 0.009765625
0 0.9111328125 0.779296875 0.0625 0.0703125
0 0.8720703125 0.9306640625 0.01953125 0.0234375
0 0.9482421875 0.7373046875 0.037109375 0.046875
0 0.966796875 0.8203125 0.0234375 0.029296875