0 0.3935546875 0.775390625 0.162109375 0.177734375
0 0.1806640625 0.3046875 0.056640625 0.060546875
0 0.15234375 0.2080078125 0.037109375 0.046875
0 0.658203125 0.396484375 0.1015625 0.111328125
0 0.689453125 0.46484375 0.0234375 0.02734375
0 0.6826171875 0.3564453125 0.015625 0.015625
0 0.7021484375 0.3564453125 0.0078125 0.009765625
0 0.6376953125 0.3564453125 0.01171875 0.013671875
0 0.80859375 0.3662109375 0.060546875 0.0625
0 0.865234375 0.51171875 0.0625 0.08203125
0 0.951171875 0.533203125 0.025390625 0.02734375
0 0.9482421875 0.5771484375 0.02734375 0.033203125
0 0.9599609375 0.5888671875 0.009765625 0.013671875
0 0.6689453125 0.8154296875 0.125 0.12890625
0 0.4921875 0.8388671875 0.076171875 0.091796875
0 0.537109375 0.6533203125 0.046875 0.0546875
0 0.3671875 0.1591796875 0.060546875 0.068359375
0 0.5234375 0.0634765625 0.05859375 0.068359375
0 0.4677734375 0.05859375 0.033203125 0.041015625
0 0.3984375 0.0263671875 0.06640625 0.052734375
0 0.4140625 0.5380859375 0.1015625 0.115234375
0 0.4365234375 0.568359375 0.01953125 0.0234375
0 0.576171875 0.4541015625 0.02734375 0.033203125
0 0.537109375 0.4091796875 0.01953125 0.02734375
0 0.1083984375 0.849609375 0.111328125 0.15625
0 0.08203125 0.90234375 0.03125 0.033203125
0 0.17578125 0.7998046875 0.048828125 0.060546875
0 0.1748046875 0.7255859375 0.017578125 0.01953125
0 0.0126953125 0.646484375 0.025390625 0.05859375
0 0.1220703125 0.5146484375 0.02734375 0.0234375
0 0.208984375 0.556640625 0.017578125 0.017578125
0 0.109375 0.7060546875 0.125 0.150390625
0 0.2177734375 0.9404296875 0.0625 0.044921875
0 0.2236328125 0.9306640625 0.013671875 0.015625
0 0.2685546875 0.8876953125 0.03515625 0.03515625
0 0.318359375 0.9638671875 0.029296875 0.02734375
0 0.3779296875 0.8720703125 0.03515625 0.041015625
0 0.6201171875 0.666015625 0.044921875 0.048828125
0 0.9345703125 0.876953125 0.029296875 0.08984375
0 0.880859375 0.8935546875 0.0703125 0.076171875
0 0.8193359375 0.859375 0.076171875 0.095703125
0 0.8076171875 0.89453125 0.03125 0.033203125
0 0.751953125 0.798828125 0.03515625 0.037109375
0 0.94140625 0.6474609375 0.025390625 0.02734375
0 0.767578125 0.931640625 0.05859375 0.0625
0 0.7841796875 0.931640625 0.02734375 0.029296875
0 0.607421875 0.8876953125 0.037109375 0.0390625
0 0.580078125 0.9130859375 0.03125 0.033203125
0 0.544921875 0.7666015625 0.029296875 0.033203125
0 0.5322265625 0.7578125 0.01953125 0.0234375
0 0.3369140625 0.375 0.09375 0.10546875
0 0.7880859375 0.2216796875 0.044921875 0.060546875
0 0.931640625 0.1259765625 0.060546875 0.076171875
0 0.837890625 0.23828125 0.03125 0.033203125
0 0.8291015625 0.208984375 0.021484375 0.029296875
0 0.85546875 0.11328125 0.017578125 0.01953125
0 0.9462890625 0.2919921875 0.0390625 0.044921875
0 0.98046875 0.330078125 0.025390625 0.02734375
0 0.9033203125 0.279296875 0.015625 0.017578125
0 0.96484375 0.2109375 0.0234375 0.033203125
0 0.990234375 0.376953125 0.01953125 0.05078125
0 0.9296875 0.3994140625 0.0234375 0.025390625
0 0.765625 0.455078125 0.03125 0.03515625
0 0.4794921875 0.11328125 0.048828125 0.0546875
0 0.58984375 0.1240234375 0.076171875 0.091796875
0 0.603515625 0.1474609375 0.03515625 0.044921875
0 0.658203125 0.1416015625 0.025390625 0.03125
0 0.69140625 0.2470703125 0.03515625 0.048828125
0 0.69921875 0.234375 0.015625 0.017578125
0 0.7666015625 0.271484375 0.01953125 0.021484375
0 0.8447265625 0.2822265625 0.01953125 0.021484375
0 0.798828125 0.302734375 0.015625 0.017578125
0 0.78515625 0.2626953125 0.013671875 0.015625
0 0.9091796875 0.416015625 0.013671875 0.015625
0 0.939453125 0.4580078125 0.015625 0.015625
0 0.9267578125 0.4970703125 0.029296875 0.041015625
0 0.9775390625 0.5673828125 0.017578125 0.025390625
0 0.98828125 0.576171875 0.013671875 0.01953125
0 0.9931640625 0.4951171875 0.013671875 0.017578125
0 0.9873046875 0.4052734375 0.015625 0.017578125
0 0.84375 0.369140625 0.015625 0.01953125
0 0.8662109375 0.4501953125 0.017578125 0.0234375
0 0.8974609375 0.439453125 0.015625 0.01953125
0 0.810546875 0.46484375 0.0234375 0.033203125
0 0.8193359375 0.4716796875 0.0078125 0.009765625
0 0.7958984375 0.5927734375 0.09765625 0.158203125
0 0.8515625 0.74609375 0.021484375 0.029296875
0 0.9296875 0.7939453125 0.021484375 0.03125
0 0.02734375 0.779296875 0.029296875 0.041015625
0 0.0498046875 0.78515625 0.0234375 0.025390625
0 0.01953125 0.8525390625 0.01953125 0.0234375
0 0.03125 0.8759765625 0.03125 0.044921875
0 0.130859375 0.6025390625 0.021484375 0.02734375
0 0.0966796875 0.607421875 0.013671875 0.01953125
0 0.0751953125 0.40625 0.033203125 0.0390625
0 0.1484375 0.4345703125 0.0390625 0.046875
0 0.578125 0.41015625 0.056640625 0.0703125
0 0.5625 0.4326171875 0.015625 0.01953125
0 0.5439453125 0.49609375 0.017578125 0.0234375
0 0.47265625 0.5546875 0.02734375 0.03515625
0 0.46875 0.5244140625 0.015625 0.015625
0 0.53125 0.546875 0.017578125 0.021484375
0 0.5078125 0.5615234375 0.01171875 0.013671875
0 0.513671875 0.55078125 0.013671875 0.017578125
0 0.763671875 0.5400390625 0.013671875 0.017578125