0 0.580078125 0.7705078125 0.13671875 0.15625
0 0.857421875 0.3486328125 0.048828125 0.052734375
0 0.900390625 0.2587890625 0.029296875 0.041015625
0 0.3828125 0.36328125 0.083984375 0.09765625
0 0.341796875 0.4248046875 0.01953125 0.0234375
0 0.3642578125 0.3212890625 0.01171875 0.013671875
0 0.3466796875 0.318359375 0.0078125 0.0078125
0 0.408203125 0.3291015625 0.01171875 0.01171875
0 0.2421875 0.3115234375 0.05078125 0.052734375
0 0.1650390625 0.443359375 0.05078125 0.07421875
0 0.0771484375 0.4521484375 0.021484375 0.025390625
0 0.07421875 0.494140625 0.0234375 0.029296875
0 0.060546875 0.5029296875 0.0078125 0.01171875
0 0.30859375 0.7666015625 0.107421875 0.111328125
0 0.4755859375 0.81640625 0.0625 0.08203125
0 0.4599609375 0.630859375 0.041015625 0.046875
0 0.69921875 0.1787109375 0.052734375 0.05859375
0 0.5634765625 0.0625 0.048828125 0.05859375
0 0.6171875 0.0673828125 0.029296875 0.03515625
0 0.69140625 0.0380859375 0.056640625 0.060546875
0 0.5966796875 0.5380859375 0.0859375 0.1015625
0 0.5703125 0.5634765625 0.015625 0.01953125
0 0.453125 0.431640625 0.0234375 0.029296875
0 0.4970703125 0.3955078125 0.015625 0.0234375
0 0.8447265625 0.8857421875 0.087890625 0.140625
0 0.8623046875 0.94140625 0.02734375 0.02734375
0 0.787109375 0.8271484375 0.0390625 0.052734375
0 0.798828125 0.755859375 0.015625 0.017578125
0 0.98046875 0.7041015625 0.0390625 0.048828125
0 0.9951171875 0.65234375 0.009765625 0.0703125
0 0.8828125 0.5595703125 0.0234375 0.021484375
0 0.7919921875 0.5869140625 0.015625 0.015625
0 0.8642578125 0.748046875 0.103515625 0.1328125
0 0.7236328125 0.9677734375 0.05859375 0.05859375
0 0.7197265625 0.9462890625 0.01171875 0.015625
0 0.6826171875 0.8984375 0.029296875 0.03125
0 0.623046875 0.970703125 0.025390625 0.037109375
0 0.5810546875 0.8662109375 0.029296875 0.037109375
0 0.376953125 0.6298828125 0.037109375 0.04296875
0 0.0263671875 0.7880859375 0.04296875 0.0859375
0 0.0908203125 0.8095703125 0.05859375 0.06640625
0 0.1552734375 0.787109375 0.060546875 0.0859375
0 0.162109375 0.822265625 0.02734375 0.029296875
0 0.23046875 0.7392578125 0.029296875 0.033203125
0 0.0703125 0.5634765625 0.021484375 0.025390625
0 0.193359375 0.865234375 0.048828125 0.0546875
0 0.1787109375 0.861328125 0.0234375 0.025390625
0 0.3564453125 0.8466796875 0.033203125 0.033203125
0 0.37890625 0.8740234375 0.02734375 0.02734375
0 0.4345703125 0.73828125 0.0234375 0.029296875
0 0.4482421875 0.732421875 0.015625 0.01953125
0 0.6953125 0.3916015625 0.078125 0.09375
0 0.283203125 0.1748046875 0.037109375 0.0546875
0 0.1591796875 0.060546875 0.048828125 0.068359375
0 0.232421875 0.18359375 0.025390625 0.029296875
0 0.24609375 0.1552734375 0.017578125 0.02734375
0 0.234375 0.060546875 0.015625 0.017578125
0 0.1201171875 0.21875 0.03125 0.0390625
0 0.080078125 0.2490234375 0.021484375 0.0234375
0 0.1630859375 0.212890625 0.013671875 0.015625
0 0.1142578125 0.1376953125 0.017578125 0.03125
0 0.052734375 0.2919921875 0.037109375 0.044921875
0 0.1201171875 0.3251953125 0.021484375 0.021484375
0 0.0126953125 0.25390625 0.01171875 0.015625
0 0.2685546875 0.4033203125 0.025390625 0.03125
0 0.59765625 0.1171875 0.041015625 0.046875
0 0.4892578125 0.1103515625 0.0625 0.08203125
0 0.47265625 0.130859375 0.029296875 0.0390625
0 0.4208984375 0.1171875 0.021484375 0.02734375
0 0.373046875 0.2138671875 0.02734375 0.044921875
0 0.3681640625 0.201171875 0.013671875 0.015625
0 0.2958984375 0.2265625 0.017578125 0.01953125
0 0.21875 0.224609375 0.015625 0.01953125
0 0.2607421875 0.2509765625 0.013671875 0.015625
0 0.2802734375 0.21484375 0.01171875 0.013671875
0 0.1357421875 0.34375 0.01171875 0.015625
0 0.1015625 0.3798828125 0.013671875 0.013671875
0 0.107421875 0.419921875 0.0234375 0.037109375
0 0.0087890625 0.45703125 0.017578125 0.021484375
0 0.046875 0.4794921875 0.015625 0.0234375
0 0.0341796875 0.486328125 0.013671875 0.017578125
0 0.0419921875 0.408203125 0.013671875 0.015625
0 0.001953125 0.34765625 0.00390625 0.015625
0 0.0625 0.322265625 0.013671875 0.015625
0 0.20703125 0.30859375 0.013671875 0.017578125
0 0.1728515625 0.3837890625 0.013671875 0.021484375
0 0.14453125 0.3681640625 0.013671875 0.01953125
0 0.2236328125 0.40625 0.017578125 0.03125
0 0.21484375 0.412109375 0.0078125 0.009765625
0 0.2197265625 0.5322265625 0.07421875 0.146484375
0 0.1416015625 0.6728515625 0.017578125 0.025390625
0 0.05859375 0.70703125 0.017578125 0.029296875
0 0.0078125 0.6826171875 0.009765625 0.01953125
0 0.9326171875 0.8310546875 0.021484375 0.037109375
0 0.91015625 0.8330078125 0.01953125 0.021484375
0 0.9296875 0.90234375 0.017578125 0.01953125
0 0.9150390625 0.923828125 0.0234375 0.041015625
0 0.9736328125 0.9443359375 0.017578125 0.021484375
0 0.98828125 0.984375 0.0234375 0.01171875
0 0.998046875 0.9677734375 0.00390625 0.025390625
0 0.9951171875 0.9306640625 0.009765625 0.017578125
0 0.8603515625 0.6435546875 0.017578125 0.0234375
0 0.8935546875 0.6533203125 0.01171875 0.017578125
0 0.943359375 0.4619140625 0.02734375 0.03515625
0 0.869140625 0.4775390625 0.03125 0.041015625
0 0.45703125 0.388671875 0.046875 0.060546875
0 0.46875 0.4140625 0.013671875 0.017578125
0 0.4775390625 0.4765625 0.015625 0.01953125
0 0.5380859375 0.544921875 0.0234375 0.033203125
0 0.5458984375 0.515625 0.013671875 0.013671875
0 0.482421875 0.5283203125 0.013671875 0.01953125
0 0.5029296875 0.546875 0.009765625 0.013671875
0 0.498046875 0.53515625 0.01171875 0.017578125
0 0.2578125 0.486328125 0.01171875 0.015625