0 0.10546875 0.3359375 0.2109375 0.44921875
0 0.8125 0.7861328125 0.08203125 0.12109375
0 0.830078125 0.44921875 0.0234375 0.03515625
0 0.9443359375 0.8681640625 0.02734375 0.044921875
0 0.8779296875 0.369140625 0.021484375 0.033203125
0 0.8798828125 0.087890625 0.029296875 0.044921875
0 0.9013671875 0.048828125 0.017578125 0.025390625
0 0.2470703125 0.853515625 0.041015625 0.076171875
0 0.33203125 0.5205078125 0.029296875 0.041015625
0 0.4384765625 0.66796875 0.04296875 0.0625
0 0.474609375 0.6025390625 0.02734375 0.046875
0 0.55078125 0.5458984375 0.021484375 0.029296875
0 0.453125 0.10546875 0.0546875 0.072265625
0 0.4208984375 0.029296875 0.060546875 0.05859375
0 0.404296875 0.0185546875 0.017578125 0.029296875
0 0.1162109375 0.9248046875 0.02734375 0.044921875
0 0.0390625 0.5224609375 0.01953125 0.029296875
0 0.091796875 0.69140625 0.013671875 0.025390625
0 0.115234375 0.7353515625 0.01953125 0.029296875
0 0.0126953125 0.6982421875 0.013671875 0.029296875
0 0.00390625 0.5849609375 0.0078125 0.048828125
0 0.193359375 0.67578125 0.01171875 0.017578125
0 0.0439453125 0.8466796875 0.013671875 0.021484375
0 0.064453125 0.8056640625 0.013671875 0.025390625
0 0.0146484375 0.8818359375 0.017578125 0.033203125
0 0.1240234375 0.6416015625 0.03125 0.052734375
0 0.0830078125 0.63671875 0.02734375 0.044921875
0 0.2109375 0.5458984375 0.033203125 0.048828125
0 0.76171875 0.7314453125 0.025390625 0.033203125
0 0.7958984375 0.6865234375 0.017578125 0.029296875
0 0.6943359375 0.345703125 0.017578125 0.029296875
0 0.7666015625 0.0576171875 0.017578125 0.03125
0 0.73828125 0.0654296875 0.01171875 0.01953125
0 0.6533203125 0.8955078125 0.021484375 0.03515625
0 0.6748046875 0.935546875 0.01953125 0.033203125
0 0.662109375 0.951171875 0.009765625 0.01953125
0 0.6787109375 0.873046875 0.01171875 0.01953125
0 0.388671875 0.29296875 0.01953125 0.03125
0 0.337890625 0.212890625 0.013671875 0.0234375
0 0.2841796875 0.185546875 0.015625 0.02734375
0 0.2607421875 0.251953125 0.025390625 0.04296875
0 0.2109375 0.23046875 0.017578125 0.033203125
0 0.287109375 0.7412109375 0.017578125 0.029296875
0 0.3740234375 0.9013671875 0.013671875 0.0234375
0 0.431640625 0.9609375 0.015625 0.025390625
0 0.5087890625 0.9345703125 0.013671875 0.0234375
0 0.4453125 0.931640625 0.015625 0.0234375
0 0.5595703125 0.9013671875 0.017578125 0.03125
0 0.419921875 0.2294921875 0.01171875 0.01953125
0 0.453125 0.322265625 0.013671875 0.021484375
0 0.712890625 0.7919921875 0.009765625 0.015625
0 0.6796875 0.708984375 0.01171875 0.015625
0 0.685546875 0.7265625 0.013671875 0.0234375
0 0.2353515625 0.615234375 0.021484375 0.041015625
0 0.2568359375 0.4697265625 0.015625 0.0234375
0 0.2431640625 0.166015625 0.025390625 0.041015625
0 0.2646484375 0.166015625 0.021484375 0.03515625
0 0.2919921875 0.1533203125 0.017578125 0.02734375
0 0.3427734375 0.287109375 0.041015625 0.06640625
0 0.2568359375 0.1025390625 0.01953125 0.029296875
0 0.25390625 0.0732421875 0.017578125 0.025390625
0 0.2890625 0.1171875 0.015625 0.0234375
0 0.16015625 0.0283203125 0.015625 0.0234375
0 0.150390625 0.1298828125 0.015625 0.025390625
0 0.1787109375 0.16796875 0.01171875 0.025390625
0 0.1123046875 0.0205078125 0.015625 0.0234375