0 0.8544921875 0.8125 0.072265625 0.11328125
0 0.4580078125 0.62890625 0.0390625 0.080078125
0 0.5654296875 0.6025390625 0.0419921875 0.087890625
0 0.669921875 0.4208984375 0.03515625 0.052734375
0 0.5107421875 0.1298828125 0.0322265625 0.0595703125
0 0.5498046875 0.193359375 0.0224609375 0.0419921875
0 0.634765625 0.046875 0.08984375 0.09375
0 0.8984375 0.3408203125 0.033203125 0.06640625
0 0.259765625 0.2490234375 0.1220703125 0.37890625
0 0.1376953125 0.796875 0.0322265625 0.0595703125
0 0.1318359375 0.8525390625 0.0224609375 0.0341796875
0 0.076171875 0.83984375 0.01953125 0.0322265625
0 0.3779296875 0.666015625 0.185546875 0.359375
0 0.484375 0.88671875 0.0537109375 0.091796875
0 0.9697265625 0.4169921875 0.052734375 0.0869140625
0 0.1083984375 0.212890625 0.0625 0.0966796875
0 0.0322265625 0.271484375 0.0322265625 0.064453125
0 0.15234375 0.943359375 0.080078125 0.11328125
0 0.01953125 0.9375 0.0390625 0.125
0 0.1630859375 0.494140625 0.021484375 0.0302734375
0 0.0322265625 0.34375 0.021484375 0.0390625
0 0.1630859375 0.6826171875 0.05078125 0.060546875
0 0.0625 0.4111328125 0.0322265625 0.0439453125
0 0.87109375 0.919921875 0.03515625 0.064453125
0 0.9560546875 0.8212890625 0.0283203125 0.0693359375
0 0.98828125 0.84765625 0.0234375 0.04296875
0 0.91796875 0.9384765625 0.0322265625 0.0556640625
0 0.4833984375 0.32421875 0.037109375 0.087890625
0 0.3408203125 0.330078125 0.0341796875 0.0966796875
0 0.3564453125 0.0595703125 0.0185546875 0.05078125
0 0.44921875 0.0234375 0.0126953125 0.015625
0 0.4736328125 0.0458984375 0.0205078125 0.037109375
0 0.0703125 0.6728515625 0.0107421875 0.0234375
0 0.32421875 0.927734375 0.0908203125 0.1435546875
0 0.751953125 0.138671875 0.015625 0.0283203125
0 0.7080078125 0.052734375 0.0205078125 0.0234375
0 0.7734375 0.107421875 0.0224609375 0.037109375
0 0.8271484375 0.541015625 0.0166015625 0.0322265625
0 0.7763671875 0.6083984375 0.0166015625 0.0302734375
0 0.669921875 0.4951171875 0.0419921875 0.06640625
0 0.16015625 0.1513671875 0.0224609375 0.041015625
0 0.3916015625 0.46484375 0.015625 0.0390625
0 0.0703125 0.1220703125 0.0390625 0.05078125
0 0.048828125 0.1708984375 0.0283203125 0.052734375
0 0.560546875 0.125 0.01953125 0.0419921875
0 0.6025390625 0.2783203125 0.015625 0.0341796875
0 0.0498046875 0.755859375 0.029296875 0.046875
0 0.0537109375 0.8076171875 0.017578125 0.0361328125
0 0.166015625 0.44921875 0.0322265625 0.048828125
0 0.22265625 0.462890625 0.0244140625 0.052734375
0 0.220703125 0.5185546875 0.0234375 0.0283203125
0 0.115234375 0.0751953125 0.021484375 0.02734375
0 0.7568359375 0.2705078125 0.044921875 0.1015625
0 0.78515625 0.3603515625 0.021484375 0.0439453125
0 0.75 0.373046875 0.0244140625 0.0390625
0 0.4287109375 0.3662109375 0.02734375 0.0283203125
0 0.8505859375 0.0908203125 0.0634765625 0.154296875
0 0.900390625 0.6025390625 0.0234375 0.0732421875
0 0.83984375 0.6845703125 0.0205078125 0.0302734375
0 0.638671875 0.9765625 0.0400390625 0.046875
0 0.5634765625 0.958984375 0.080078125 0.0810546875
0 0.529296875 0.4677734375 0.02734375 0.0458984375
0 0.583984375 0.345703125 0.017578125 0.025390625
0 0.603515625 0.5830078125 0.017578125 0.037109375
0 0.6767578125 0.6298828125 0.0283203125 0.0615234375
0 0.8173828125 0.89453125 0.015625 0.0283203125
0 0.802734375 0.9130859375 0.013671875 0.02734375
0 0.7890625 0.8291015625 0.015625 0.03515625
0 0.798828125 0.77734375 0.013671875 0.0390625
0 0.7998046875 0.5302734375 0.017578125 0.0478515625
0 0.6650390625 0.2509765625 0.01171875 0.0205078125
0 0.763671875 0.4189453125 0.015625 0.0302734375
0 0.80859375 0.408203125 0.013671875 0.025390625
0 0.9091796875 0.431640625 0.013671875 0.029296875
0 0.38671875 0.4873046875 0.013671875 0.0244140625
0 0.3916015625 0.28125 0.009765625 0.0205078125
0 0.3349609375 0.37109375 0.0126953125 0.0205078125
0 0.3359375 0.2919921875 0.01171875 0.0185546875
0 0.3212890625 0.4091796875 0.0166015625 0.03515625
0 0.26171875 0.4609375 0.015625 0.021484375
0 0.9736328125 0.2587890625 0.01171875 0.0205078125
0 0.9130859375 0.244140625 0.013671875 0.025390625
0 0.9912109375 0.7412109375 0.017578125 0.044921875
0 0.98046875 0.7724609375 0.0224609375 0.0361328125
0 0.9697265625 0.8837890625 0.01171875 0.021484375
0 0.865234375 0.970703125 0.017578125 0.0244140625
0 0.8251953125 0.986328125 0.0087890625 0.0205078125
0 0.79296875 0.953125 0.015625 0.02734375
0 0.740234375 0.873046875 0.10546875 0.236328125
0 0.70703125 0.7373046875 0.0166015625 0.025390625
0 0.73046875 0.734375 0.013671875 0.02734375
0 0.71484375 0.5888671875 0.017578125 0.0302734375
0 0.6455078125 0.5830078125 0.0390625 0.0751953125
0 0.6767578125 0.564453125 0.01171875 0.01953125
0 0.6640625 0.5361328125 0.013671875 0.0244140625
0 0.75390625 0.60546875 0.037109375 0.0751953125
0 0.78125 0.646484375 0.033203125 0.0625
0 0.740234375 0.705078125 0.03515625 0.0556640625
0 0.8662109375 0.6279296875 0.0341796875 0.064453125
0 0.802734375 0.57421875 0.009765625 0.0185546875
0 0.6826171875 0.248046875 0.009765625 0.01953125
0 0.6796875 0.111328125 0.015625 0.0234375
0 0.7412109375 0.10546875 0.0224609375 0.0361328125
0 0.9296875 0.068359375 0.0244140625 0.0458984375
0 0.9140625 0.0380859375 0.0234375 0.0419921875
0 0.392578125 0.0654296875 0.0087890625 0.0185546875
0 0.0302734375 0.22265625 0.0166015625 0.0283203125
0 0.06640625 0.2158203125 0.0166015625 0.03125
0 0.048828125 0.2392578125 0.0146484375 0.025390625
0 0.095703125 0.048828125 0.046875 0.08203125
0 0.125 0.15234375 0.0146484375 0.0283203125
0 0.119140625 0.349609375 0.0107421875 0.01953125
0 0.0986328125 0.4619140625 0.0126953125 0.025390625
0 0.107421875 0.474609375 0.01953125 0.037109375
0 0.09375 0.5654296875 0.021484375 0.048828125
0 0.0048828125 0.501953125 0.009765625 0.01953125
0 0.029296875 0.021484375 0.0302734375 0.04296875
0 0.1064453125 0.802734375 0.0234375 0.046875
0 0.26171875 0.7900390625 0.013671875 0.0224609375
0 0.2607421875 0.9091796875 0.0087890625 0.01953125
0 0.2734375 0.919921875 0.0078125 0.015625
0 0.1591796875 0.7255859375 0.01171875 0.0205078125
0 0.1474609375 0.775390625 0.013671875 0.0244140625
0 0.0302734375 0.7001953125 0.0107421875 0.0205078125
0 0.2412109375 0.54296875 0.0146484375 0.02734375
0 0.3447265625 0.4677734375 0.0126953125 0.02734375
0 0.41796875 0.4716796875 0.0166015625 0.02734375
0 0.4873046875 0.1357421875 0.0166015625 0.0263671875
0 0.6923828125 0.2041015625 0.01171875 0.0234375
0 0.80078125 0.23828125 0.0419921875 0.0947265625
0 0.8046875 0.4423828125 0.01953125 0.037109375
0 0.828125 0.51171875 0.0087890625 0.01953125
0 0.986328125 0.5126953125 0.01171875 0.0224609375
0 0.994140625 0.5810546875 0.009765625 0.0244140625
0 0.9287109375 0.4697265625 0.01171875 0.0244140625
0 0.9599609375 0.46484375 0.013671875 0.0322265625