0 0.8154296875 0.1279296875 0.091796875 0.126953125
0 0.4453125 0.3759765625 0.052734375 0.0859375
0 0.556640625 0.384765625 0.056640625 0.095703125
0 0.6923828125 0.552734375 0.04296875 0.05859375
0 0.5771484375 0.87109375 0.041015625 0.064453125
0 0.6083984375 0.80078125 0.029296875 0.046875
0 0.7158203125 0.9296875 0.103515625 0.09765625
0 0.935546875 0.595703125 0.04296875 0.072265625
0 0.306640625 0.791015625 0.18359375 0.400390625
0 0.0947265625 0.2578125 0.04296875 0.064453125
0 0.0810546875 0.2021484375 0.02734375 0.037109375
0 0.0263671875 0.224609375 0.0234375 0.03515625
0 0.359375 0.3525390625 0.244140625 0.392578125
0 0.4306640625 0.1123046875 0.068359375 0.1015625
0 0.9794921875 0.509765625 0.041015625 0.09375
0 0.1591796875 0.8515625 0.078125 0.107421875
0 0.0732421875 0.8037109375 0.04296875 0.0703125
0 0.0869140625 0.11328125 0.09765625 0.1171875
0 0.1689453125 0.5595703125 0.025390625 0.03515625
0 0.0615234375 0.7314453125 0.02734375 0.04296875
0 0.1396484375 0.369140625 0.060546875 0.0703125
0 0.080078125 0.6591796875 0.0390625 0.048828125
0 0.8154296875 0.025390625 0.044921875 0.05078125
0 0.9169921875 0.1025390625 0.041015625 0.07421875
0 0.8583984375 0.0107421875 0.041015625 0.021484375
0 0.51953125 0.6787109375 0.05078125 0.09375
0 0.375 0.6962890625 0.05078125 0.103515625
0 0.4345703125 0.9658203125 0.02734375 0.0546875
0 0.5341796875 0.98828125 0.015625 0.017578125
0 0.5537109375 0.9609375 0.025390625 0.041015625
0 0.046875 0.39453125 0.015625 0.025390625
0 0.263671875 0.1015625 0.11328125 0.150390625
0 0.8193359375 0.82421875 0.01953125 0.03125
0 0.7890625 0.9169921875 0.0234375 0.02734375
0 0.8466796875 0.8515625 0.029296875 0.041015625
0 0.83203125 0.40625 0.021484375 0.03515625
0 0.7705078125 0.3466796875 0.021484375 0.033203125
0 0.6806640625 0.4775390625 0.052734375 0.07421875
0 0.220703125 0.9052734375 0.029296875 0.044921875
0 0.404296875 0.552734375 0.021484375 0.041015625
0 0.134765625 0.9482421875 0.046875 0.056640625
0 0.1064453125 0.9033203125 0.037109375 0.05859375
0 0.6298828125 0.8681640625 0.025390625 0.044921875
0 0.646484375 0.7060546875 0.021484375 0.037109375
0 0.015625 0.3134765625 0.03125 0.052734375
0 0.009765625 0.259765625 0.01953125 0.0390625
0 0.1796875 0.6044921875 0.041015625 0.0546875
0 0.234375 0.58203125 0.033203125 0.056640625
0 0.2236328125 0.525390625 0.029296875 0.033203125
0 0.1865234375 0.986328125 0.025390625 0.02734375
0 0.8037109375 0.6904296875 0.0625 0.109375
0 0.8173828125 0.5947265625 0.029296875 0.048828125
0 0.78125 0.587890625 0.03125 0.04296875
0 0.45703125 0.646484375 0.033203125 0.033203125
0 0.9267578125 0.85546875 0.087890625 0.166015625
0 0.8955078125 0.3330078125 0.03515625 0.076171875
0 0.8212890625 0.2587890625 0.025390625 0.033203125
0 0.572265625 0.01171875 0.046875 0.0234375
0 0.4990234375 0.037109375 0.091796875 0.07421875
0 0.54296875 0.5263671875 0.03515625 0.05078125
0 0.6171875 0.6416015625 0.021484375 0.029296875
0 0.599609375 0.400390625 0.0234375 0.041015625
0 0.666015625 0.33984375 0.0390625 0.06640625
0 0.765625 0.0517578125 0.01953125 0.03125
0 0.748046875 0.0341796875 0.017578125 0.029296875
0 0.7470703125 0.12109375 0.021484375 0.0390625
0 0.7646484375 0.171875 0.01953125 0.041015625
0 0.8056640625 0.421875 0.025390625 0.05078125
0 0.71484375 0.724609375 0.015625 0.021484375
0 0.787109375 0.5390625 0.021484375 0.033203125
0 0.833984375 0.54296875 0.017578125 0.02734375
0 0.931640625 0.5029296875 0.01953125 0.03125
0 0.396484375 0.5302734375 0.017578125 0.025390625
0 0.43359375 0.73828125 0.013671875 0.021484375
0 0.3623046875 0.65625 0.015625 0.021484375
0 0.3759765625 0.7353515625 0.013671875 0.01953125
0 0.3427734375 0.6201171875 0.021484375 0.0390625
0 0.2744140625 0.5771484375 0.01953125 0.025390625
0 0.9658203125 0.69140625 0.017578125 0.02734375
0 0.9443359375 0.1494140625 0.01953125 0.0390625
0 0.919921875 0.037109375 0.015625 0.0234375
0 0.73046875 0.005859375 0.01953125 0.01171875
0 0.689453125 0.1064453125 0.14453125 0.212890625
0 0.6796875 0.2275390625 0.01953125 0.02734375
0 0.703125 0.2265625 0.017578125 0.029296875
0 0.7109375 0.3759765625 0.0234375 0.033203125
0 0.6416015625 0.392578125 0.05078125 0.08203125
0 0.6767578125 0.40625 0.013671875 0.021484375
0 0.66796875 0.4365234375 0.017578125 0.02734375
0 0.7470703125 0.353515625 0.048828125 0.08203125
0 0.7685546875 0.306640625 0.04296875 0.068359375
0 0.7177734375 0.2548828125 0.044921875 0.0625
0 0.8564453125 0.3115234375 0.044921875 0.0703125
0 0.8017578125 0.3759765625 0.013671875 0.01953125
0 0.732421875 0.7255859375 0.013671875 0.021484375
0 0.7509765625 0.8623046875 0.01953125 0.025390625
0 0.814453125 0.8583984375 0.029296875 0.041015625
0 0.99609375 0.865234375 0.0078125 0.05078125
0 0.9912109375 0.8984375 0.017578125 0.046875
0 0.4697265625 0.9560546875 0.01171875 0.01953125
0 0.0791015625 0.8544921875 0.021484375 0.03125
0 0.1162109375 0.85546875 0.021484375 0.03515625
0 0.0947265625 0.833984375 0.01953125 0.029296875
0 0.1728515625 0.9873046875 0.060546875 0.025390625
0 0.185546875 0.91015625 0.01953125 0.029296875
0 0.1484375 0.7119140625 0.013671875 0.021484375
0 0.1083984375 0.6025390625 0.017578125 0.02734375
0 0.1162109375 0.587890625 0.025390625 0.041015625
0 0.087890625 0.4990234375 0.029296875 0.052734375
0 0.009765625 0.576171875 0.009765625 0.01953125
0 0.0634765625 0.2578125 0.03125 0.05078125
0 0.2216796875 0.2451171875 0.017578125 0.025390625
0 0.201171875 0.125 0.01171875 0.021484375
0 0.2119140625 0.1123046875 0.009765625 0.017578125
0 0.12890625 0.326171875 0.015625 0.021484375
0 0.109375 0.2783203125 0.017578125 0.025390625
0 0.00390625 0.3720703125 0.0078125 0.021484375
0 0.240234375 0.498046875 0.01953125 0.029296875
0 0.3564453125 0.5576171875 0.017578125 0.029296875
0 0.4296875 0.5419921875 0.021484375 0.03125
0 0.5537109375 0.8681640625 0.021484375 0.029296875
0 0.7490234375 0.7666015625 0.015625 0.025390625
0 0.853515625 0.7158203125 0.056640625 0.1015625
0 0.8251953125 0.5087890625 0.025390625 0.041015625
0 0.837890625 0.4345703125 0.01171875 0.021484375
0 0.9462890625 0.4619140625 0.015625 0.025390625
0 0.9775390625 0.4609375 0.01953125 0.03515625