0 0.7744140625 0.1533203125 0.263671875 0.28125
0 0.494140625 0.5703125 0.18359375 0.17578125
0 0.1982421875 0.4228515625 0.08203125 0.091796875
0 0.822265625 0.7001953125 0.17578125 0.248046875
0 0.9375 0.7021484375 0.046875 0.056640625
0 0.9619140625 0.9169921875 0.076171875 0.080078125
0 0.6318359375 0.71484375 0.21875 0.255859375
0 0.712890625 0.8408203125 0.099609375 0.125
0 0.74609375 0.8935546875 0.048828125 0.072265625
0 0.3603515625 0.9013671875 0.130859375 0.18359375
0 0.302734375 0.982421875 0.0390625 0.03515625
0 0.091796875 0.9375 0.09375 0.125
0 0.1376953125 0.9931640625 0.025390625 0.013671875
0 0.17578125 0.654296875 0.03515625 0.0390625
0 0.1826171875 0.189453125 0.365234375 0.3515625
0 0.390625 0.158203125 0.05078125 0.060546875
0 0.78515625 0.337890625 0.0625 0.064453125
0 0.7529296875 0.462890625 0.0390625 0.041015625
0 0.716796875 0.5712890625 0.03515625 0.03515625
0 0.8203125 0.5009765625 0.037109375 0.03515625
0 0.9326171875 0.388671875 0.02734375 0.037109375
0 0.9833984375 0.3447265625 0.015625 0.03125
0 0.9697265625 0.3017578125 0.021484375 0.029296875
0 0.9248046875 0.3291015625 0.025390625 0.021484375
0 0.3310546875 0.5576171875 0.25 0.34765625
0 0.4345703125 0.744140625 0.060546875 0.080078125