0 0.3525390625 0.6845703125 0.419921875 0.630859375
0 0.3017578125 0.9814453125 0.013671875 0.021484375
0 0.2685546875 0.9794921875 0.01171875 0.0234375
0 0.3974609375 0.98828125 0.013671875 0.01953125
0 0.5478515625 0.921875 0.015625 0.025390625
0 0.5302734375 0.9013671875 0.033203125 0.0546875
0 0.5927734375 0.857421875 0.013671875 0.02734375
0 0.5927734375 0.7861328125 0.015625 0.02734375
0 0.0546875 0.634765625 0.037109375 0.060546875
0 0.0849609375 0.5888671875 0.04296875 0.07421875
0 0.8193359375 0.58203125 0.033203125 0.060546875
0 0.94140625 0.580078125 0.1171875 0.32421875
0 0.890625 0.40625 0.033203125 0.05078125
0 0.935546875 0.435546875 0.015625 0.01953125
0 0.87109375 0.513671875 0.01953125 0.03125
0 0.9052734375 0.3466796875 0.017578125 0.029296875
0 0.9365234375 0.3486328125 0.025390625 0.0390625
0 0.880859375 0.2919921875 0.017578125 0.029296875
0 0.8330078125 0.1650390625 0.01171875 0.021484375
0 0.88671875 0.08984375 0.14453125 0.1796875
0 0.9384765625 0.0234375 0.017578125 0.037109375
0 0.9404296875 0.0419921875 0.013671875 0.0234375
0 0.7509765625 0.3505859375 0.025390625 0.041015625
0 0.71875 0.2451171875 0.025390625 0.03515625
0 0.6259765625 0.197265625 0.021484375 0.03515625
0 0.7197265625 0.328125 0.017578125 0.02734375
0 0.662109375 0.27734375 0.013671875 0.021484375
0 0.7392578125 0.2177734375 0.01171875 0.01953125
0 0.8681640625 0.2529296875 0.01171875 0.0234375
0 0.6806640625 0.9443359375 0.0390625 0.05859375
0 0.1015625 0.3271484375 0.0234375 0.03515625
0 0.00390625 0.486328125 0.0078125 0.05859375
0 0.2802734375 0.0732421875 0.021484375 0.03515625
0 0.3330078125 0.1123046875 0.021484375 0.033203125
0 0.7119140625 0.3095703125 0.01171875 0.0234375
0 0.4775390625 0.3369140625 0.01171875 0.01953125
0 0.97265625 0.943359375 0.01953125 0.005859375
0 0.98828125 0.9013671875 0.01171875 0.021484375
0 0.79296875 0.6591796875 0.015625 0.025390625
0 0.1484375 0.6455078125 0.01171875 0.015625
0 0.08984375 0.3564453125 0.013671875 0.025390625
0 0.068359375 0.16015625 0.013671875 0.01953125
0 0.22265625 0.166015625 0.015625 0.025390625
0 0.1318359375 0.7978515625 0.009765625 0.013671875
0 0.1767578125 0.806640625 0.0078125 0.013671875
0 0.1513671875 0.8134765625 0.01171875 0.01953125
0 0.1689453125 0.5771484375 0.01171875 0.021484375
0 0.1982421875 0.9892578125 0.01171875 0.01953125
0 0.2001953125 0.9658203125 0.0078125 0.01171875
0 0.5966796875 0.39453125 0.01171875 0.0234375
0 0.576171875 0.470703125 0.013671875 0.021484375
0 0.376953125 0.048828125 0.015625 0.02734375
0 0.3369140625 0.0458984375 0.009765625 0.015625
0 0.1455078125 0.150390625 0.013671875 0.0234375
0 0.1708984375 0.19921875 0.009765625 0.013671875
0 0.2412109375 0.31640625 0.013671875 0.021484375
0 0.138671875 0.34765625 0.01171875 0.021484375
0 0.107421875 0.4736328125 0.01171875 0.01953125
0 0.060546875 0.83203125 0.01171875 0.01953125
0 0.7578125 0.912109375 0.01171875 0.01953125
0 0.595703125 0.556640625 0.009765625 0.017578125
0 0.638671875 0.1220703125 0.01171875 0.01953125
0 0.7109375 0.0078125 0.01171875 0.015625
0 0.625 0.0625 0.013671875 0.0234375
0 0.5126953125 0.0869140625 0.01171875 0.017578125
0 0.603515625 0.0810546875 0.01171875 0.017578125
0 0.71875 0.1708984375 0.01171875 0.017578125
0 0.7421875 0.0107421875 0.013671875 0.01953125
0 0.7060546875 0.515625 0.013671875 0.01953125
0 0.845703125 0.7080078125 0.013671875 0.021484375
0 0.00390625 0.0673828125 0.0078125 0.021484375
0 0.064453125 0.265625 0.01953125 0.033203125
0 0.3330078125 0.2783203125 0.009765625 0.015625