0 0.68359375 0.541015625 0.3515625 0.56640625
0 0.796875 0.1162109375 0.025390625 0.04296875
0 0.9013671875 0.26953125 0.01953125 0.037109375
0 0.5771484375 0.15234375 0.017578125 0.02734375
0 0.5517578125 0.109375 0.01171875 0.025390625
0 0.5615234375 0.1142578125 0.013671875 0.017578125
0 0.5400390625 0.107421875 0.009765625 0.017578125
0 0.412109375 0.525390625 0.02734375 0.044921875
0 0.431640625 0.6103515625 0.015625 0.025390625
0 0.3935546875 0.1015625 0.04296875 0.0703125
0 0.4150390625 0.078125 0.01171875 0.01953125
0 0.46484375 0.0244140625 0.009765625 0.01171875
0 0.4033203125 0.0546875 0.0078125 0.01171875
0 0.4775390625 0.05078125 0.0078125 0.013671875
0 0.46484375 0.0966796875 0.0078125 0.01171875
0 0.5263671875 0.0498046875 0.009765625 0.013671875
0 0.5419921875 0.1484375 0.025390625 0.04296875
0 0.544921875 0.2333984375 0.0078125 0.015625
0 0.46875 0.2490234375 0.009765625 0.015625
0 0.4150390625 0.1875 0.009765625 0.013671875
0 0.2587890625 0.1591796875 0.013671875 0.021484375
0 0.287109375 0.1396484375 0.015625 0.029296875
0 0.0322265625 0.484375 0.064453125 0.21484375
0 0.2783203125 0.0361328125 0.01171875 0.01953125
0 0.255859375 0.009765625 0.01171875 0.00390625
0 0.3154296875 0.0546875 0.009765625 0.013671875
0 0.8642578125 0.955078125 0.01953125 0.03125
0 0.92578125 0.4599609375 0.01953125 0.03125
0 0.9375 0.4775390625 0.009765625 0.017578125
0 0.734375 0.318359375 0.013671875 0.025390625
0 0.2666015625 0.7890625 0.04296875 0.09375
0 0.2646484375 0.669921875 0.009765625 0.017578125
0 0.1904296875 0.3857421875 0.009765625 0.017578125
0 0.197265625 0.3818359375 0.01171875 0.01953125
0 0.0205078125 0.8427734375 0.009765625 0.015625
0 0.0322265625 0.8408203125 0.009765625 0.015625
0 0.0810546875 0.759765625 0.0078125 0.015625
0 0.13671875 0.6181640625 0.009765625 0.015625
0 0.08984375 0.5947265625 0.0078125 0.015625
0 0.8505859375 0.5439453125 0.015625 0.0234375
0 0.85546875 0.5771484375 0.013671875 0.0234375
0 0.8994140625 0.76953125 0.01171875 0.01953125
0 0.955078125 0.7646484375 0.0078125 0.015625
0 0.94140625 0.859375 0.0078125 0.015625
0 0.5166015625 0.8369140625 0.01953125 0.037109375
0 0.505859375 0.974609375 0.01171875 0.021484375
0 0.443359375 0.533203125 0.0234375 0.04296875
0 0.2421875 0.98046875 0.015625 0.03125