0 0.32421875 0.458984375 0.359375 0.578125
0 0.1787109375 0.8837890625 0.02734375 0.04296875
0 0.0830078125 0.720703125 0.01953125 0.037109375
0 0.40625 0.86328125 0.017578125 0.02734375
0 0.4287109375 0.908203125 0.01171875 0.025390625
0 0.4189453125 0.9033203125 0.013671875 0.017578125
0 0.439453125 0.9111328125 0.009765625 0.017578125
0 0.6005859375 0.4951171875 0.029296875 0.044921875
0 0.5859375 0.4072265625 0.015625 0.025390625
0 0.5888671875 0.927734375 0.044921875 0.072265625
0 0.5654296875 0.951171875 0.01171875 0.01953125
0 0.5107421875 0.9970703125 0.009765625 0.005859375
0 0.5751953125 0.9755859375 0.0078125 0.013671875
0 0.5 0.9736328125 0.0078125 0.013671875
0 0.515625 0.9287109375 0.0078125 0.013671875
0 0.4501953125 0.9716796875 0.009765625 0.013671875
0 0.44140625 0.869140625 0.025390625 0.044921875
0 0.4443359375 0.783203125 0.0078125 0.015625
0 0.5224609375 0.7724609375 0.009765625 0.015625
0 0.5732421875 0.83984375 0.009765625 0.015625
0 0.7314453125 0.8779296875 0.013671875 0.0234375
0 0.7001953125 0.8955078125 0.015625 0.029296875
0 0.974609375 0.5625 0.05078125 0.21875
0 0.701171875 0.9970703125 0.01171875 0.005859375
0 0.6650390625 0.98046875 0.009765625 0.013671875
0 0.1689453125 0.0244140625 0.01953125 0.03125
0 0.072265625 0.525390625 0.01953125 0.033203125
0 0.0615234375 0.5048828125 0.01171875 0.017578125
0 0.2568359375 0.6826171875 0.015625 0.025390625
0 0.767578125 0.2373046875 0.04296875 0.095703125
0 0.7607421875 0.3583984375 0.009765625 0.017578125
0 0.81640625 0.65234375 0.009765625 0.017578125
0 0.8095703125 0.65625 0.01171875 0.01953125
0 0.9541015625 0.279296875 0.0078125 0.015625
0 0.8876953125 0.419921875 0.009765625 0.017578125
0 0.9326171875 0.447265625 0.0078125 0.015625
0 0.1552734375 0.4453125 0.015625 0.0234375
0 0.1513671875 0.41015625 0.013671875 0.0234375
0 0.12109375 0.2109375 0.01171875 0.01953125
0 0.064453125 0.212890625 0.0078125 0.015625
0 0.083984375 0.1162109375 0.0078125 0.015625
0 0.5166015625 0.169921875 0.021484375 0.037109375
0 0.537109375 0.0302734375 0.01171875 0.021484375
0 0.568359375 0.484375 0.025390625 0.04296875
0 0.8056640625 0.0439453125 0.017578125 0.033203125