0 0.6806640625 0.5478515625 0.3291015625 0.548828125
0 0.80859375 0.1318359375 0.0244140625 0.041015625
0 0.90625 0.2861328125 0.017578125 0.0361328125
0 0.5888671875 0.16015625 0.0166015625 0.0263671875
0 0.5654296875 0.1162109375 0.0107421875 0.0244140625
0 0.5751953125 0.12109375 0.01171875 0.0166015625
0 0.5537109375 0.1142578125 0.0087890625 0.0166015625
0 0.412109375 0.5224609375 0.0263671875 0.0439453125
0 0.4296875 0.6064453125 0.0146484375 0.025390625
0 0.4091796875 0.1025390625 0.041015625 0.068359375
0 0.431640625 0.080078125 0.0107421875 0.0185546875
0 0.482421875 0.029296875 0.0087890625 0.01171875
0 0.4208984375 0.056640625 0.0068359375 0.01171875
0 0.494140625 0.0546875 0.0078125 0.0126953125
0 0.48046875 0.1005859375 0.0068359375 0.01171875
0 0.5419921875 0.056640625 0.0087890625 0.0126953125
0 0.5546875 0.1552734375 0.0234375 0.04296875
0 0.5546875 0.23828125 0.0078125 0.0146484375
0 0.4794921875 0.2509765625 0.0087890625 0.015625
0 0.427734375 0.1884765625 0.0087890625 0.013671875
0 0.2734375 0.15625 0.0126953125 0.021484375
0 0.302734375 0.1376953125 0.013671875 0.0283203125
0 0.0341796875 0.4697265625 0.068359375 0.2109375
0 0.013671875 0.0888671875 0.0126953125 0.0234375
0 0.298828125 0.0341796875 0.0107421875 0.0185546875
0 0.2763671875 0.005859375 0.0107421875 0.0107421875
0 0.333984375 0.0546875 0.0087890625 0.0126953125
0 0.8466796875 0.962890625 0.017578125 0.0302734375
0 0.9228515625 0.4755859375 0.017578125 0.03125
0 0.9345703125 0.494140625 0.009765625 0.0166015625
0 0.73828125 0.328125 0.013671875 0.0244140625
0 0.2607421875 0.77734375 0.0380859375 0.0908203125
0 0.26171875 0.6591796875 0.009765625 0.0166015625
0 0.1982421875 0.376953125 0.009765625 0.0166015625
0 0.205078125 0.373046875 0.0107421875 0.0185546875
0 0.0146484375 0.8232421875 0.009765625 0.015625
0 0.0263671875 0.8203125 0.0087890625 0.0146484375
0 0.0029296875 0.7646484375 0.005859375 0.0146484375
0 0.0771484375 0.7431640625 0.0078125 0.0146484375
0 0.1376953125 0.6044921875 0.0087890625 0.015625
0 0.0927734375 0.580078125 0.0078125 0.0146484375
0 0.845703125 0.5556640625 0.013671875 0.0234375
0 0.8505859375 0.5888671875 0.01171875 0.0224609375
0 0.88671875 0.7802734375 0.0107421875 0.0185546875
0 0.94140625 0.77734375 0.0078125 0.0146484375
0 0.9248046875 0.8720703125 0.0068359375 0.013671875
0 0.5048828125 0.833984375 0.0185546875 0.03515625
0 0.490234375 0.9697265625 0.0107421875 0.0205078125
0 0.4443359375 0.53125 0.0224609375 0.0419921875
0 0.2294921875 0.9658203125 0.0146484375 0.03125