0 0.4267578125 0.3896484375 0.203125 0.302734375
0 0.0244140625 0.5224609375 0.048828125 0.177734375
0 0.376953125 0.943359375 0.033203125 0.0546875
0 0.25 0.9658203125 0.025390625 0.0234375
0 0.421875 0.1015625 0.04296875 0.0703125
0 0.2578125 0.099609375 0.021484375 0.03515625
0 0.3623046875 0.0029296875 0.025390625 0.005859375
0 0.9755859375 0.4609375 0.046875 0.080078125
0 0.552734375 0.1533203125 0.03125 0.046875
0 0.533203125 0.0693359375 0.021484375 0.033203125
0 0.5576171875 0.1123046875 0.017578125 0.02734375
0 0.4853515625 0.732421875 0.017578125 0.029296875
0 0.4072265625 0.8623046875 0.015625 0.025390625
0 0.5224609375 0.6181640625 0.015625 0.03125
0 0.853515625 0.7197265625 0.017578125 0.03125
0 0.935546875 0.76171875 0.015625 0.02734375
0 0.75390625 0.7412109375 0.017578125 0.029296875
0 0.6240234375 0.771484375 0.017578125 0.0234375
0 0.7099609375 0.4248046875 0.015625 0.025390625
0 0.66796875 0.4072265625 0.013671875 0.021484375
0 0.83984375 0.599609375 0.015625 0.025390625
0 0.0830078125 0.11328125 0.025390625 0.044921875
0 0.1181640625 0.2001953125 0.013671875 0.021484375
0 0.2236328125 0.1494140625 0.015625 0.025390625
0 0.1875 0.150390625 0.017578125 0.02734375
0 0.826171875 0.6796875 0.013671875 0.025390625
0 0.7685546875 0.68359375 0.01171875 0.021484375
0 0.6767578125 0.5595703125 0.01171875 0.01953125
0 0.671875 0.65234375 0.01171875 0.021484375
0 0.6943359375 0.9189453125 0.015625 0.025390625
0 0.3388671875 0.9169921875 0.015625 0.021484375
0 0.2373046875 0.7880859375 0.015625 0.025390625
0 0.2900390625 0.572265625 0.015625 0.025390625
0 0.3037109375 0.4306640625 0.01171875 0.0234375
0 0.08203125 0.8818359375 0.017578125 0.025390625
0 0.0087890625 0.6962890625 0.015625 0.02734375
0 0.1162109375 0.330078125 0.01171875 0.021484375
0 0.2138671875 0.25390625 0.01171875 0.01953125
0 0.3310546875 0.1474609375 0.013671875 0.0234375
0 0.3837890625 0.130859375 0.013671875 0.017578125
0 0.33203125 0.048828125 0.01171875 0.01953125
0 0.73828125 0.111328125 0.013671875 0.0234375
0 0.9619140625 0.11328125 0.013671875 0.0234375
0 0.92578125 0.1083984375 0.01171875 0.01953125
0 0.90234375 0.6533203125 0.021484375 0.03515625
0 0.9833984375 0.578125 0.01171875 0.017578125
0 0.73828125 0.1123046875 0.013671875 0.0234375
0 0.8349609375 0.2958984375 0.01171875 0.015625
0 0.83203125 0.4208984375 0.013671875 0.025390625
0 0.8076171875 0.48828125 0.01171875 0.015625
0 0.5283203125 0.7998046875 0.01171875 0.01953125
0 0.4794921875 0.953125 0.01171875 0.017578125
0 0.73828125 0.54296875 0.009765625 0.01953125
0 0.1982421875 0.7412109375 0.009765625 0.01953125
0 0.16796875 0.6533203125 0.009765625 0.017578125
0 0.2919921875 0.5087890625 0.01171875 0.021484375
0 0.09765625 0.1865234375 0.013671875 0.017578125
0 0.6064453125 0.1337890625 0.01171875 0.01953125
0 0.4638671875 0.6865234375 0.015625 0.0234375
0 0.41796875 0.7021484375 0.0390625 0.060546875
0 0.5166015625 0.5595703125 0.01953125 0.033203125
0 0.5166015625 0.1298828125 0.009765625 0.013671875