0 0.3876953125 0.5908203125 0.201171875 0.30078125
0 0.025390625 0.3759765625 0.046875 0.17578125
0 0.453125 0.041015625 0.033203125 0.0546875
0 0.3330078125 0.0029296875 0.025390625 0.005859375
0 0.322265625 0.8701171875 0.04296875 0.068359375
0 0.1630859375 0.8388671875 0.021484375 0.033203125
0 0.2421875 0.962890625 0.0234375 0.02734375
0 0.935546875 0.6357421875 0.046875 0.080078125
0 0.4609375 0.84765625 0.03125 0.046875
0 0.423828125 0.923828125 0.021484375 0.033203125
0 0.4560546875 0.8876953125 0.017578125 0.02734375
0 0.5146484375 0.26953125 0.017578125 0.029296875
0 0.4658203125 0.126953125 0.015625 0.025390625
0 0.5283203125 0.388671875 0.015625 0.03125
0 0.87109375 0.3583984375 0.017578125 0.03125
0 0.9580078125 0.333984375 0.015625 0.02734375
0 0.77734375 0.31640625 0.017578125 0.029296875
0 0.658203125 0.2607421875 0.017578125 0.0234375
0 0.669921875 0.6162109375 0.015625 0.0234375
0 0.6259765625 0.623046875 0.013671875 0.021484375
0 0.83203125 0.47265625 0.015625 0.025390625
0 0.9931640625 0.3935546875 0.013671875 0.048828125
0 0.9404296875 0.8271484375 0.02734375 0.044921875
0 0.0029296875 0.7880859375 0.005859375 0.044921875
0 0.046875 0.7109375 0.013671875 0.021484375
0 0.140625 0.783203125 0.015625 0.025390625
0 0.103515625 0.7744140625 0.017578125 0.02734375
0 0.833984375 0.3916015625 0.013671875 0.0234375
0 0.7802734375 0.375 0.01171875 0.021484375
0 0.6640625 0.4775390625 0.01171875 0.01953125
0 0.6787109375 0.38671875 0.01171875 0.021484375
0 0.7568359375 0.130859375 0.015625 0.025390625
0 0.4111328125 0.0595703125 0.013671875 0.021484375
0 0.28515625 0.1640625 0.015625 0.025390625
0 0.291015625 0.3857421875 0.015625 0.025390625
0 0.2763671875 0.525390625 0.01171875 0.021484375
0 0.1533203125 0.041015625 0.017578125 0.025390625
0 0.0439453125 0.20703125 0.015625 0.02734375
0 0.072265625 0.5859375 0.01171875 0.021484375
0 0.15234375 0.6796875 0.01171875 0.01953125
0 0.2431640625 0.806640625 0.013671875 0.0234375
0 0.291015625 0.833984375 0.013671875 0.017578125
0 0.224609375 0.904296875 0.01171875 0.01953125
0 0.6318359375 0.9267578125 0.013671875 0.0234375
0 0.8505859375 0.9697265625 0.013671875 0.0234375
0 0.814453125 0.9677734375 0.01171875 0.01953125
0 0.9345703125 0.9189453125 0.013671875 0.0234375
0 0.9599609375 0.8447265625 0.015625 0.01953125
0 0.9033203125 0.4326171875 0.021484375 0.03515625
0 0.966796875 0.5224609375 0.009765625 0.017578125
0 0.6318359375 0.92578125 0.013671875 0.021484375
0 0.763671875 0.767578125 0.01171875 0.015625
0 0.7880859375 0.64453125 0.013671875 0.025390625
0 0.7783203125 0.57421875 0.01171875 0.015625
0 0.5703125 0.2138671875 0.01171875 0.017578125
0 0.5546875 0.0537109375 0.01171875 0.017578125
0 0.7216796875 0.5068359375 0.009765625 0.01953125
0 0.2373046875 0.201171875 0.009765625 0.01953125
0 0.189453125 0.28125 0.009765625 0.017578125
0 0.2802734375 0.447265625 0.01171875 0.021484375
0 0.025390625 0.720703125 0.013671875 0.017578125
0 0.5087890625 0.876953125 0.01171875 0.01953125
0 0.484375 0.3095703125 0.015625 0.0234375
0 0.443359375 0.28515625 0.0390625 0.060546875
0 0.5087890625 0.4443359375 0.01953125 0.033203125
0 0.4208984375 0.86328125 0.009765625 0.013671875