0 0.6962890625 0.19921875 0.0673828125 0.11328125
0 0.4111328125 0.169921875 0.0439453125 0.08984375
0 0.2001953125 0.794921875 0.0283203125 0.0361328125
0 0.134765625 0.9296875 0.041015625 0.08203125
0 0.8447265625 0.865234375 0.0400390625 0.0537109375
0 0.7890625 0.771484375 0.0244140625 0.0361328125
0 0.6982421875 0.568359375 0.015625 0.03125
0 0.55078125 0.76953125 0.0263671875 0.0458984375
0 0.4990234375 0.8359375 0.0244140625 0.0537109375
0 0.365234375 0.6259765625 0.01171875 0.02734375
0 0.9296875 0.4052734375 0.017578125 0.037109375
0 0.859375 0.181640625 0.0693359375 0.1787109375
0 0.9794921875 0.3115234375 0.041015625 0.107421875