0 0.67578125 0.134765625 0.087890625 0.12890625
0 0.3740234375 0.15234375 0.060546875 0.1015625
0 0.2568359375 0.8369140625 0.03515625 0.04296875
0 0.2119140625 0.970703125 0.056640625 0.05859375
0 0.9384765625 0.8056640625 0.05078125 0.0625
0 0.865234375 0.7158203125 0.03125 0.04296875
0 0.7373046875 0.51953125 0.021484375 0.03515625
0 0.6181640625 0.7529296875 0.03515625 0.05078125
0 0.5751953125 0.8310546875 0.03515625 0.060546875
0 0.400390625 0.634765625 0.017578125 0.029296875
0 0.953125 0.3115234375 0.025390625 0.041015625
0 0.841796875 0.09375 0.1015625 0.1875