0 0.2822265625 0.484375 0.025390625 0.0498046875
0 0.4453125 0.3447265625 0.0185546875 0.0341796875
0 0.3134765625 0.158203125 0.0205078125 0.0361328125
0 0.25 0.1474609375 0.0146484375 0.0283203125
0 0.3037109375 0.05078125 0.0107421875 0.01953125
0 0.7685546875 0.1865234375 0.0107421875 0.021484375
0 0.728515625 0.208984375 0.01171875 0.021484375
0 0.716796875 0.146484375 0.0107421875 0.021484375
0 0.8251953125 0.123046875 0.0146484375 0.0224609375
0 0.8271484375 0.2685546875 0.01171875 0.0205078125
0 0.6376953125 0.6220703125 0.015625 0.025390625
0 0.6396484375 0.59765625 0.01171875 0.01953125
0 0.3515625 0.65625 0.0126953125 0.021484375
0 0.0595703125 0.7060546875 0.009765625 0.0234375
0 0.2353515625 0.5712890625 0.0146484375 0.025390625
0 0.17578125 0.462890625 0.01171875 0.0205078125
0 0.0966796875 0.337890625 0.0126953125 0.0224609375
0 0.087890625 0.30078125 0.0107421875 0.0185546875
0 0.07421875 0.2939453125 0.0068359375 0.0146484375
0 0.1357421875 0.3486328125 0.009765625 0.015625
0 0.171875 0.26953125 0.0087890625 0.015625
0 0.0791015625 0.1611328125 0.009765625 0.01953125
0 0.0283203125 0.1689453125 0.0078125 0.01171875
0 0.1328125 0.0966796875 0.0087890625 0.013671875
0 0.375 0.1953125 0.01171875 0.0205078125
0 0.384765625 0.19140625 0.0068359375 0.0087890625
0 0.4052734375 0.1904296875 0.0068359375 0.0126953125
0 0.4248046875 0.2734375 0.005859375 0.0126953125
0 0.4306640625 0.2548828125 0.005859375 0.009765625
0 0.849609375 0.943359375 0.0126953125 0.021484375
0 0.87109375 0.9736328125 0.01171875 0.021484375
0 0.8515625 0.9716796875 0.0078125 0.0146484375
0 0.6484375 0.9912109375 0.0078125 0.013671875
0 0.6396484375 0.9970703125 0.0048828125 0.005859375
0 0.65625 0.9794921875 0.005859375 0.01171875
0 0.5751953125 0.8681640625 0.009765625 0.017578125
0 0.74609375 0.9482421875 0.005859375 0.013671875
0 0.7041015625 0.7763671875 0.0078125 0.013671875
0 0.6240234375 0.1337890625 0.01171875 0.021484375
0 0.63671875 0.154296875 0.0078125 0.0146484375
0 0.0048828125 0.9208984375 0.0087890625 0.0263671875
0 0.0791015625 0.865234375 0.0126953125 0.0234375
0 0.1513671875 0.802734375 0.0068359375 0.0166015625
0 0.271484375 0.9228515625 0.009765625 0.0166015625
0 0.884765625 0.75390625 0.0146484375 0.025390625
0 0.83203125 0.6005859375 0.01171875 0.0205078125
0 0.55078125 0.6845703125 0.0673828125 0.11328125
0 0.7236328125 0.7275390625 0.078125 0.12890625
0 0.5029296875 0.4365234375 0.0126953125 0.0234375
0 0.5048828125 0.01953125 0.01171875 0.021484375
0 0.8251953125 0.671875 0.0078125 0.0146484375
0 0.875 0.2529296875 0.05078125 0.083984375
0 0.96875 0.412109375 0.0625 0.1318359375
0 0.994140625 0.3212890625 0.01171875 0.044921875
0 0.427734375 0.0625 0.052734375 0.115234375
0 0.38671875 0.103515625 0.0185546875 0.0302734375
0 0.369140625 0.1357421875 0.0302734375 0.0556640625
0 0.3388671875 0.169921875 0.0390625 0.09765625
0 0.388671875 0.224609375 0.02734375 0.0498046875
0 0.37890625 0.30078125 0.02734375 0.0615234375
0 0.37890625 0.275390625 0.0068359375 0.0126953125
0 0.017578125 0.708984375 0.03515625 0.0791015625
0 0.107421875 0.8515625 0.0556640625 0.130859375