0 0.5302734375 0.392578125 0.337890625 0.572265625
0 0.01171875 0.1748046875 0.0234375 0.095703125
0 0.8544921875 0.5546875 0.13671875 0.232421875
0 0.8740234375 0.3251953125 0.107421875 0.19140625
0 0.9765625 0.5234375 0.046875 0.1484375
0 0.8671875 0.9033203125 0.02734375 0.0390625
0 0.7451171875 0.7734375 0.072265625 0.1171875
0 0.4375 0.8388671875 0.0390625 0.0625
0 0.0205078125 0.859375 0.017578125 0.048828125
0 0.0693359375 0.98046875 0.025390625 0.0390625
0 0.193359375 0.8046875 0.029296875 0.0546875
0 0.2373046875 0.810546875 0.048828125 0.07421875
0 0.2216796875 0.8779296875 0.025390625 0.046875
0 0.33984375 0.97265625 0.0390625 0.0546875
0 0.046875 0.5595703125 0.03515625 0.0546875
0 0.00390625 0.42578125 0.0078125 0.0390625
0 0.9736328125 0.8408203125 0.052734375 0.255859375
0 0.8447265625 0.0693359375 0.0625 0.126953125
0 0.9541015625 0.138671875 0.05859375 0.12890625
0 0.2158203125 0.314453125 0.037109375 0.05859375
0 0.3486328125 0.0703125 0.0390625 0.064453125
0 0.3818359375 0.0791015625 0.021484375 0.041015625
0 0.076171875 0.310546875 0.0234375 0.0390625
0 0.1259765625 0.314453125 0.01953125 0.033203125
0 0.14453125 0.2080078125 0.01953125 0.041015625
0 0.220703125 0.265625 0.015625 0.03125
0 0.0830078125 0.0185546875 0.017578125 0.0078125
0 0.046875 0.140625 0.02734375 0.0390625
0 0.0341796875 0.11328125 0.017578125 0.029296875
0 0.0947265625 0.158203125 0.01953125 0.029296875
0 0.0087890625 0.0537109375 0.017578125 0.041015625
0 0.3369140625 0.4296875 0.02734375 0.05078125
0 0.2158203125 0.54296875 0.025390625 0.041015625
0 0.1640625 0.494140625 0.025390625 0.04296875
0 0.26171875 0.6357421875 0.01953125 0.037109375
0 0.2890625 0.6650390625 0.021484375 0.048828125
0 0.51171875 0.91015625 0.0234375 0.041015625
0 0.6748046875 0.228515625 0.029296875 0.048828125
0 0.51171875 0.12890625 0.01953125 0.037109375
0 0.376953125 0.1787109375 0.013671875 0.025390625
0 0.5556640625 0.03515625 0.01953125 0.033203125
0 0.7080078125 0.064453125 0.021484375 0.0390625
0 0.7265625 0.0625 0.017578125 0.033203125
0 0.6484375 0.591796875 0.0234375 0.0390625
0 0.7060546875 0.6201171875 0.0390625 0.072265625
0 0.6025390625 0.62109375 0.015625 0.029296875
0 0.412109375 0.6279296875 0.021484375 0.03515625
0 0.4951171875 0.6796875 0.0234375 0.03515625
0 0.359375 0.568359375 0.01953125 0.03515625
0 0.3134765625 0.142578125 0.025390625 0.041015625
0 0.40625 0.015625 0.01953125 0.025390625
0 0.0712890625 0.3759765625 0.017578125 0.033203125
0 0.0068359375 0.466796875 0.013671875 0.03125
0 0.0205078125 0.095703125 0.013671875 0.025390625
0 0.162109375 0.033203125 0.017578125 0.033203125
0 0.236328125 0.1630859375 0.015625 0.02734375
0 0.13671875 0.0478515625 0.015625 0.0234375
0 0.34765625 0.3193359375 0.015625 0.033203125
0 0.3603515625 0.3603515625 0.01171875 0.02734375
0 0.7216796875 0.24609375 0.01953125 0.03515625
0 0.765625 0.228515625 0.017578125 0.029296875
0 0.7353515625 0.26953125 0.013671875 0.02734375
0 0.7236328125 0.4140625 0.015625 0.0234375
0 0.7431640625 0.431640625 0.015625 0.033203125
0 0.96875 0.2548828125 0.01953125 0.0390625
0 0.9853515625 0.3818359375 0.017578125 0.041015625
0 0.9677734375 0.4423828125 0.013671875 0.029296875
0 0.9423828125 0.2939453125 0.017578125 0.02734375
0 0.9404296875 0.212890625 0.013671875 0.0234375
0 0.8759765625 0.1982421875 0.0234375 0.041015625
0 0.9306640625 0.0419921875 0.0234375 0.0390625
0 0.916015625 0.0615234375 0.017578125 0.03125
0 0.984375 0.1103515625 0.00390625 0.033203125
0 0.6640625 0.8642578125 0.01953125 0.03125
0 0.8232421875 0.9345703125 0.0234375 0.0390625
0 0.7822265625 0.8642578125 0.017578125 0.025390625
0 0.6943359375 0.978515625 0.01953125 0.02734375
0 0.4599609375 0.7431640625 0.017578125 0.033203125
0 0.4912109375 0.76171875 0.015625 0.029296875
0 0.380859375 0.8779296875 0.130859375 0.20703125
0 0.419921875 0.978515625 0.017578125 0.033203125
0 0.0625 0.8720703125 0.01953125 0.029296875
0 0.177734375 0.87109375 0.015625 0.03125
0 0.201171875 0.8798828125 0.013671875 0.025390625
0 0.193359375 0.91015625 0.017578125 0.029296875
0 0.1904296875 0.849609375 0.015625 0.029296875
0 0.16796875 0.791015625 0.013671875 0.025390625
0 0.251953125 0.755859375 0.021484375 0.025390625
0 0.1484375 0.7841796875 0.015625 0.029296875
0 0.076171875 0.5888671875 0.015625 0.03515625
0 0.2314453125 0.6103515625 0.017578125 0.029296875
0 0.2021484375 0.58984375 0.015625 0.029296875
0 0.55078125 0.7255859375 0.017578125 0.03125
0 0.5712890625 0.8056640625 0.017578125 0.02734375
0 0.630859375 0.9501953125 0.017578125 0.029296875
0 0.7666015625 0.9736328125 0.013671875 0.0234375
0 0.9130859375 0.921875 0.01171875 0.0234375
0 0.8798828125 0.86328125 0.01171875 0.025390625
0 0.919921875 0.7255859375 0.013671875 0.0234375
0 0.978515625 0.7138671875 0.017578125 0.029296875
0 0.94921875 0.7578125 0.01171875 0.029296875
0 0.5107421875 0.8447265625 0.0234375 0.03125
0 0.6064453125 0.865234375 0.009765625 0.021484375
0 0.56640625 0.8818359375 0.013671875 0.021484375
0 0.7646484375 0.0078125 0.017578125 0.015625
0 0.791015625 0.1181640625 0.015625 0.03125
0 0.7509765625 0.2275390625 0.01171875 0.01953125
0 0.09375 0.265625 0.01171875 0.021484375
0 0.1748046875 0.35546875 0.01171875 0.021484375
0 0.302734375 0.634765625 0.013671875 0.025390625
0 0.306640625 0.65625 0.01171875 0.0234375
0 0.0986328125 0.84765625 0.01171875 0.01953125
0 0.111328125 0.861328125 0.009765625 0.017578125
0 0.0888671875 0.8984375 0.013671875 0.025390625
0 0.03515625 0.9755859375 0.01171875 0.025390625
0 0.59375 0.0341796875 0.015625 0.02734375
0 0.5732421875 0.00390625 0.013671875 0.0078125
0 0.4638671875 0.078125 0.021484375 0.03125
0 0.447265625 0.0341796875 0.015625 0.02734375
0 0.5693359375 0.09375 0.017578125 0.02734375
0 0.6474609375 0.087890625 0.015625 0.02734375
0 0.79296875 0.2041015625 0.009765625 0.021484375
0 0.8203125 0.4345703125 0.013671875 0.029296875
0 0.8837890625 0.44921875 0.01953125 0.029296875
0 0.8740234375 0.734375 0.013671875 0.02734375
0 0.2265625 0.46875 0.021484375 0.037109375
0 0.1611328125 0.5576171875 0.01171875 0.025390625
0 0.4765625 0.0107421875 0.015625 0.01953125
0 0.87109375 0.005859375 0.01171875 0.01171875
0 0.73828125 0.125 0.01171875 0.0234375
0 0.779296875 0.1552734375 0.017578125 0.03125
0 0.2978515625 0.435546875 0.013671875 0.025390625
0 0.8759765625 0.9814453125 0.013671875 0.01171875
0 0.99609375 0.9560546875 0.0078125 0.021484375
0 0.984375 0.4521484375 0.01171875 0.025390625
0 0.2392578125 0.64453125 0.013671875 0.0234375
0 0.310546875 0.8046875 0.01171875 0.02734375
0 0.3037109375 0.8388671875 0.01171875 0.01953125
0 0.271484375 0.7685546875 0.013671875 0.021484375
0 0.26171875 0.9208984375 0.017578125 0.029296875
0 0.3125 0.8974609375 0.013671875 0.025390625
0 0.44140625 0.9296875 0.015625 0.03125
0 0.3359375 0.78125 0.013671875 0.029296875
0 0.2783203125 0.986328125 0.021484375 0.02734375
0 0.2978515625 0.99609375 0.021484375 0.0078125
0 0.291015625 0.0595703125 0.01953125 0.033203125