0 0.52734375 0.57421875 0.30078125 0.5283203125
0 0.03125 0.7958984375 0.0498046875 0.087890625
0 0.828125 0.41015625 0.1201171875 0.2138671875
0 0.853515625 0.626953125 0.095703125 0.1767578125
0 0.962890625 0.435546875 0.07421875 0.1396484375
0 0.828125 0.08203125 0.0244140625 0.0361328125
0 0.7177734375 0.208984375 0.064453125 0.107421875
0 0.4248046875 0.1572265625 0.0341796875 0.056640625
0 0.02734375 0.15234375 0.0224609375 0.044921875
0 0.0732421875 0.03515625 0.021484375 0.037109375
0 0.1962890625 0.1982421875 0.0263671875 0.05078125
0 0.2373046875 0.19140625 0.04296875 0.068359375
0 0.220703125 0.1279296875 0.0224609375 0.04296875
0 0.3291015625 0.03125 0.0341796875 0.056640625
0 0.06640625 0.4326171875 0.03125 0.05078125
0 0.0244140625 0.560546875 0.017578125 0.037109375
0 0.955078125 0.1376953125 0.0888671875 0.23828125
0 0.8349609375 0.8681640625 0.0546875 0.1171875
0 0.9365234375 0.7998046875 0.05078125 0.1201171875
0 0.9873046875 0.8115234375 0.025390625 0.099609375
0 0.2333984375 0.6572265625 0.0322265625 0.0537109375
0 0.3662109375 0.8837890625 0.0341796875 0.060546875
0 0.3974609375 0.8740234375 0.01953125 0.0380859375
0 0.1025390625 0.666015625 0.0205078125 0.0361328125
0 0.1484375 0.6611328125 0.0166015625 0.03125
0 0.169921875 0.7607421875 0.017578125 0.0380859375
0 0.240234375 0.7041015625 0.0146484375 0.0283203125
0 0.2158203125 0.98046875 0.015625 0.037109375
0 0.1220703125 0.966796875 0.0517578125 0.0654296875
0 0.1181640625 0.953125 0.015625 0.03125
0 0.080078125 0.8271484375 0.0234375 0.037109375
0 0.0693359375 0.853515625 0.015625 0.0283203125
0 0.1240234375 0.80859375 0.017578125 0.02734375
0 0.0419921875 0.91015625 0.025390625 0.0380859375
0 0.3447265625 0.5458984375 0.0244140625 0.0478515625
0 0.2265625 0.4423828125 0.0234375 0.0390625
0 0.1787109375 0.490234375 0.0234375 0.0400390625
0 0.2666015625 0.3544921875 0.017578125 0.03515625
0 0.291015625 0.326171875 0.01953125 0.044921875
0 0.4931640625 0.087890625 0.0205078125 0.037109375
0 0.669921875 0.7236328125 0.0263671875 0.044921875
0 0.5185546875 0.8232421875 0.017578125 0.033203125
0 0.390625 0.7802734375 0.01171875 0.0244140625
0 0.5634765625 0.91015625 0.0166015625 0.03125
0 0.7060546875 0.876953125 0.01953125 0.03515625
0 0.7236328125 0.87890625 0.015625 0.03125
0 0.6328125 0.3837890625 0.01953125 0.037109375
0 0.6865234375 0.3544921875 0.0341796875 0.0673828125
0 0.5888671875 0.3564453125 0.0126953125 0.02734375
0 0.4072265625 0.3564453125 0.0185546875 0.033203125
0 0.4853515625 0.3056640625 0.021484375 0.033203125
0 0.3603515625 0.4140625 0.017578125 0.0322265625
0 0.3310546875 0.81640625 0.0234375 0.0380859375
0 0.4228515625 0.9384765625 0.0185546875 0.0341796875
0 0.095703125 0.60546875 0.0146484375 0.0302734375
0 0.0322265625 0.5224609375 0.013671875 0.0283203125
0 0.0087890625 0.8505859375 0.0166015625 0.0458984375
0 0.056640625 0.8701171875 0.0126953125 0.0234375
0 0.1923828125 0.9248046875 0.0146484375 0.03125
0 0.2578125 0.7998046875 0.013671875 0.025390625
0 0.16796875 0.912109375 0.013671875 0.021484375
0 0.357421875 0.6484375 0.013671875 0.0302734375
0 0.3681640625 0.6103515625 0.01171875 0.025390625
0 0.712890625 0.7060546875 0.017578125 0.0322265625
0 0.7548828125 0.720703125 0.015625 0.0263671875
0 0.7255859375 0.6826171875 0.0126953125 0.0244140625
0 0.708984375 0.5478515625 0.013671875 0.021484375
0 0.7265625 0.5302734375 0.0126953125 0.03125
0 0.9453125 0.689453125 0.0166015625 0.03515625
0 0.9873046875 0.6015625 0.025390625 0.07421875
0 0.95703125 0.5693359375 0.015625 0.0380859375
0 0.9384765625 0.5126953125 0.0107421875 0.02734375
0 0.990234375 0.521484375 0.0107421875 0.0185546875
0 0.919921875 0.6533203125 0.0166015625 0.0263671875
0 0.9208984375 0.73046875 0.013671875 0.021484375
0 0.8603515625 0.7451171875 0.0205078125 0.0380859375
0 0.9169921875 0.8916015625 0.021484375 0.037109375
0 0.90234375 0.8740234375 0.015625 0.0283203125
0 0.9599609375 0.9658203125 0.0146484375 0.0234375
0 0.9775390625 0.876953125 0.0166015625 0.0341796875
0 0.9716796875 0.8251953125 0.0146484375 0.03125
0 0.638671875 0.1259765625 0.0166015625 0.0283203125
0 0.7861328125 0.0546875 0.0205078125 0.0361328125
0 0.7490234375 0.1220703125 0.0166015625 0.0234375
0 0.6630859375 0.017578125 0.0185546875 0.0244140625
0 0.44921875 0.2470703125 0.015625 0.0302734375
0 0.478515625 0.2275390625 0.013671875 0.02734375
0 0.37109375 0.1220703125 0.1171875 0.1904296875
0 0.404296875 0.0263671875 0.015625 0.03125
0 0.0703125 0.138671875 0.0166015625 0.02734375
0 0.1787109375 0.1357421875 0.013671875 0.029296875
0 0.201171875 0.126953125 0.0126953125 0.0224609375
0 0.193359375 0.0986328125 0.015625 0.02734375
0 0.1923828125 0.1552734375 0.013671875 0.0263671875
0 0.1728515625 0.2109375 0.0126953125 0.0244140625
0 0.25390625 0.2412109375 0.0185546875 0.0234375
0 0.1552734375 0.21875 0.013671875 0.02734375
0 0.0927734375 0.404296875 0.0146484375 0.0322265625
0 0.23828125 0.3798828125 0.0146484375 0.0263671875
0 0.2119140625 0.400390625 0.0126953125 0.02734375
0 0.5361328125 0.2607421875 0.015625 0.0283203125
0 0.5517578125 0.1845703125 0.015625 0.0263671875
0 0.6044921875 0.046875 0.015625 0.0263671875
0 0.73046875 0.01953125 0.01171875 0.021484375
0 0.8720703125 0.0634765625 0.0107421875 0.021484375
0 0.841796875 0.1201171875 0.009765625 0.0234375
0 0.8837890625 0.248046875 0.0126953125 0.021484375
0 0.939453125 0.2568359375 0.015625 0.0263671875
0 0.9111328125 0.216796875 0.009765625 0.0263671875
0 0.4951171875 0.1494140625 0.021484375 0.029296875
0 0.583984375 0.1259765625 0.009765625 0.01953125
0 0.5458984375 0.1123046875 0.01171875 0.01953125
0 0.76171875 0.935546875 0.015625 0.029296875
0 0.7822265625 0.8232421875 0.0126953125 0.0283203125
0 0.6865234375 0.970703125 0.017578125 0.029296875
0 0.7412109375 0.72265625 0.0107421875 0.0185546875
0 0.1201171875 0.70703125 0.009765625 0.01953125
0 0.193359375 0.62109375 0.009765625 0.0205078125
0 0.3046875 0.353515625 0.0126953125 0.0244140625
0 0.30859375 0.3330078125 0.01171875 0.0224609375
0 0.10546875 0.1611328125 0.009765625 0.017578125
0 0.1171875 0.1474609375 0.0078125 0.015625
0 0.0947265625 0.11328125 0.0126953125 0.0244140625
0 0.041015625 0.041015625 0.01171875 0.0234375
0 0.63671875 0.96875 0.009765625 0.025390625
0 0.599609375 0.9091796875 0.013671875 0.025390625
0 0.5810546875 0.9462890625 0.01171875 0.0234375
0 0.4755859375 0.873046875 0.0185546875 0.0283203125
0 0.4619140625 0.9150390625 0.013671875 0.025390625
0 0.57421875 0.8544921875 0.0166015625 0.025390625
0 0.6484375 0.8564453125 0.013671875 0.025390625
0 0.78125 0.7421875 0.009765625 0.0205078125
0 0.798828125 0.525390625 0.01171875 0.0263671875
0 0.859375 0.5087890625 0.0166015625 0.0263671875
0 0.83984375 0.2421875 0.01171875 0.025390625
0 0.23828125 0.5126953125 0.0185546875 0.0341796875
0 0.173828125 0.4306640625 0.0107421875 0.0224609375
0 0.490234375 0.939453125 0.0146484375 0.0244140625
0 0.6708984375 0.9736328125 0.0146484375 0.0224609375
0 0.80859375 0.9755859375 0.015625 0.041015625
0 0.8623046875 0.9326171875 0.0107421875 0.0224609375
0 0.732421875 0.8193359375 0.0107421875 0.021484375
0 0.7705078125 0.7900390625 0.015625 0.029296875
0 0.306640625 0.541015625 0.01171875 0.0244140625
0 0.833984375 0.0068359375 0.01171875 0.013671875
0 0.9501953125 0.0283203125 0.01171875 0.01953125
0 0.9716796875 0.052734375 0.0126953125 0.015625
0 0.9541015625 0.50390625 0.009765625 0.0234375
0 0.244140625 0.3466796875 0.01171875 0.021484375
0 0.306640625 0.193359375 0.01171875 0.025390625
0 0.298828125 0.1611328125 0.0107421875 0.0185546875
0 0.271484375 0.228515625 0.0126953125 0.01953125
0 0.2568359375 0.0859375 0.0146484375 0.0263671875
0 0.3056640625 0.1064453125 0.01171875 0.0234375
0 0.4267578125 0.0712890625 0.0126953125 0.0283203125
0 0.33203125 0.21484375 0.01171875 0.0283203125
0 0.271484375 0.0205078125 0.0185546875 0.029296875
0 0.2890625 0.0087890625 0.01953125 0.017578125
0 0.3125 0.8955078125 0.017578125 0.03125