0 0.52734375 0.42578125 0.361328125 0.568359375
0 0.052734375 0.1484375 0.046875 0.09375
0 0.814453125 0.6240234375 0.14453125 0.23046875
0 0.8642578125 0.40625 0.115234375 0.189453125
0 0.953125 0.61328125 0.087890625 0.1484375
0 0.7802734375 0.9580078125 0.02734375 0.0390625
0 0.681640625 0.8173828125 0.076171875 0.1171875
0 0.37890625 0.8388671875 0.041015625 0.0625
0 0.0107421875 0.9248046875 0.021484375 0.041015625
0 0.150390625 0.7724609375 0.03125 0.0546875
0 0.19140625 0.7841796875 0.05078125 0.07421875
0 0.16796875 0.8466796875 0.02734375 0.046875
0 0.267578125 0.9541015625 0.041015625 0.052734375
0 0.04296875 0.51953125 0.037109375 0.0546875
0 0.015625 0.38671875 0.017578125 0.0390625
0 0.9130859375 0.89453125 0.115234375 0.2109375
0 0.8701171875 0.16015625 0.068359375 0.125
0 0.9658203125 0.240234375 0.064453125 0.126953125
0 0.2373046875 0.3095703125 0.0390625 0.05859375
0 0.396484375 0.0947265625 0.041015625 0.064453125
0 0.427734375 0.107421875 0.025390625 0.041015625
0 0.10546875 0.287109375 0.0234375 0.0390625
0 0.15234375 0.2978515625 0.021484375 0.033203125
0 0.1845703125 0.197265625 0.021484375 0.041015625
0 0.2490234375 0.263671875 0.017578125 0.03125
0 0.15625 0.009765625 0.05859375 0.01953125
0 0.150390625 0.005859375 0.01953125 0.01171875
0 0.0986328125 0.12109375 0.02734375 0.041015625
0 0.0908203125 0.0927734375 0.017578125 0.029296875
0 0.142578125 0.14453125 0.021484375 0.029296875
0 0.0693359375 0.03125 0.03125 0.041015625
0 0.3388671875 0.4345703125 0.029296875 0.05078125
0 0.20703125 0.52734375 0.02734375 0.04296875
0 0.1640625 0.4736328125 0.02734375 0.04296875
0 0.2392578125 0.62109375 0.021484375 0.037109375
0 0.259765625 0.65234375 0.0234375 0.046875
0 0.439453125 0.9169921875 0.025390625 0.041015625
0 0.6875 0.2890625 0.03125 0.048828125
0 0.5439453125 0.171875 0.021484375 0.03515625
0 0.4091796875 0.2021484375 0.013671875 0.025390625
0 0.599609375 0.087890625 0.01953125 0.033203125
0 0.740234375 0.13671875 0.0234375 0.037109375
0 0.7587890625 0.1376953125 0.01953125 0.033203125
0 0.6142578125 0.630859375 0.0234375 0.0390625
0 0.6650390625 0.666015625 0.041015625 0.072265625
0 0.5654296875 0.6533203125 0.015625 0.029296875
0 0.3818359375 0.6337890625 0.0234375 0.03515625
0 0.4560546875 0.6943359375 0.025390625 0.03515625
0 0.3408203125 0.5703125 0.021484375 0.03515625
0 0.3544921875 0.158203125 0.029296875 0.041015625
0 0.4599609375 0.0439453125 0.021484375 0.037109375
0 0.091796875 0.34765625 0.01953125 0.033203125
0 0.017578125 0.42578125 0.017578125 0.03125
0 0.080078125 0.0751953125 0.015625 0.025390625
0 0.2236328125 0.033203125 0.017578125 0.033203125
0 0.2763671875 0.16796875 0.015625 0.02734375
0 0.197265625 0.0439453125 0.015625 0.0234375
0 0.3623046875 0.3310546875 0.017578125 0.03125
0 0.369140625 0.37109375 0.013671875 0.02734375
0 0.7294921875 0.3125 0.021484375 0.03515625
0 0.7744140625 0.30078125 0.01953125 0.029296875
0 0.7392578125 0.3369140625 0.015625 0.02734375
0 0.7080078125 0.4716796875 0.015625 0.0234375
0 0.724609375 0.4912109375 0.015625 0.033203125
0 0.9638671875 0.353515625 0.021484375 0.037109375
0 0.9892578125 0.447265625 0.021484375 0.078125
0 0.962890625 0.4755859375 0.021484375 0.041015625
0 0.9384765625 0.5322265625 0.013671875 0.02734375
0 0.9921875 0.5283203125 0.013671875 0.021484375
0 0.9345703125 0.38671875 0.01953125 0.02734375
0 0.943359375 0.30859375 0.015625 0.0234375
0 0.8837890625 0.287109375 0.025390625 0.041015625
0 0.95703125 0.1455078125 0.025390625 0.041015625
0 0.9404296875 0.1611328125 0.01953125 0.03125
0 0.9970703125 0.2177734375 0.005859375 0.033203125
0 0.591796875 0.8935546875 0.01953125 0.029296875
0 0.734375 0.9814453125 0.0234375 0.037109375
0 0.7041015625 0.908203125 0.01953125 0.025390625
0 0.6064453125 0.99609375 0.021484375 0.0078125
0 0.4130859375 0.75 0.01953125 0.033203125
0 0.4404296875 0.7724609375 0.017578125 0.029296875
0 0.3203125 0.869140625 0.138671875 0.205078125
0 0.34375 0.9697265625 0.01953125 0.033203125
0 0.0166015625 0.8203125 0.01953125 0.029296875
0 0.1259765625 0.833984375 0.017578125 0.03125
0 0.1484375 0.845703125 0.015625 0.025390625
0 0.13671875 0.873046875 0.017578125 0.029296875
0 0.142578125 0.81640625 0.015625 0.029296875
0 0.1279296875 0.7578125 0.015625 0.02734375
0 0.212890625 0.7353515625 0.021484375 0.025390625
0 0.1103515625 0.748046875 0.015625 0.029296875
0 0.0673828125 0.5517578125 0.017578125 0.033203125
0 0.2119140625 0.5927734375 0.017578125 0.029296875
0 0.1875 0.5693359375 0.015625 0.029296875
0 0.501953125 0.74609375 0.01953125 0.03125
0 0.509765625 0.82421875 0.01953125 0.02734375
0 0.548828125 0.970703125 0.01953125 0.029296875
0 0.822265625 0.9814453125 0.013671875 0.0234375
0 0.7978515625 0.9208984375 0.013671875 0.025390625
0 0.8544921875 0.7958984375 0.015625 0.0234375
0 0.912109375 0.7919921875 0.017578125 0.029296875
0 0.87890625 0.830078125 0.013671875 0.02734375
0 0.4482421875 0.853515625 0.025390625 0.033203125
0 0.5361328125 0.88671875 0.01171875 0.01953125
0 0.49609375 0.8974609375 0.013671875 0.021484375
0 0.8037109375 0.0830078125 0.01953125 0.03125
0 0.8125 0.19921875 0.015625 0.029296875
0 0.7314453125 0.0400390625 0.021484375 0.03125
0 0.7607421875 0.2978515625 0.013671875 0.021484375
0 0.1279296875 0.2470703125 0.01171875 0.01953125
0 0.1923828125 0.341796875 0.01171875 0.021484375
0 0.27734375 0.626953125 0.015625 0.025390625
0 0.279296875 0.646484375 0.013671875 0.0234375
0 0.0537109375 0.80078125 0.01171875 0.017578125
0 0.064453125 0.81640625 0.009765625 0.015625
0 0.0380859375 0.8486328125 0.015625 0.025390625
0 0.6806640625 0.037109375 0.01171875 0.025390625
0 0.6357421875 0.0927734375 0.015625 0.02734375
0 0.6220703125 0.0537109375 0.013671875 0.025390625
0 0.505859375 0.1162109375 0.0234375 0.03125
0 0.4970703125 0.072265625 0.015625 0.02734375
0 0.6044921875 0.1455078125 0.01953125 0.02734375
0 0.6796875 0.1513671875 0.015625 0.02734375
0 0.802734375 0.28125 0.01171875 0.021484375
0 0.7978515625 0.50390625 0.013671875 0.029296875
0 0.857421875 0.52734375 0.01953125 0.029296875
0 0.80859375 0.796875 0.015625 0.02734375
0 0.2265625 0.45703125 0.0234375 0.037109375
0 0.15234375 0.533203125 0.013671875 0.025390625
0 0.52734375 0.0498046875 0.017578125 0.025390625
0 0.7158203125 0.03515625 0.017578125 0.025390625
0 0.8544921875 0.0517578125 0.01953125 0.037109375
0 0.9052734375 0.09765625 0.013671875 0.0234375
0 0.76171875 0.1982421875 0.013671875 0.0234375
0 0.796875 0.232421875 0.01953125 0.03125
0 0.298828125 0.435546875 0.013671875 0.025390625
0 0.9228515625 0.9970703125 0.013671875 0.005859375
0 0.9521484375 0.54296875 0.013671875 0.025390625
0 0.2158203125 0.626953125 0.015625 0.0234375
0 0.2626953125 0.7890625 0.013671875 0.02734375
0 0.2509765625 0.8203125 0.013671875 0.01953125
0 0.23046875 0.75 0.015625 0.021484375
0 0.2001953125 0.892578125 0.017578125 0.029296875
0 0.251953125 0.8779296875 0.013671875 0.025390625
0 0.37109375 0.9267578125 0.017578125 0.03125
0 0.2900390625 0.76953125 0.015625 0.029296875
0 0.2080078125 0.958984375 0.021484375 0.02734375
0 0.224609375 0.9697265625 0.01953125 0.009765625
0 0.34375 0.076171875 0.021484375 0.033203125