0 0.2255859375 0.2685546875 0.029296875 0.048828125
0 0.6591796875 0.189453125 0.072265625 0.1064453125
0 0.26953125 0.451171875 0.0654296875 0.1025390625
0 0.16015625 0.537109375 0.048828125 0.0625
0 0.1396484375 0.349609375 0.0234375 0.0400390625
0 0.26953125 0.087890625 0.12109375 0.17578125
0 0.16015625 0.0205078125 0.025390625 0.041015625
0 0.88671875 0.2744140625 0.025390625 0.0537109375
0 0.9287109375 0.29296875 0.01953125 0.03515625
0 0.3173828125 0.8486328125 0.0888671875 0.1572265625
0 0.9072265625 0.4140625 0.05859375 0.1025390625
0 0.0078125 0.806640625 0.015625 0.0390625
0 0.1708984375 0.2568359375 0.017578125 0.029296875
0 0.6396484375 0.5302734375 0.0712890625 0.123046875
0 0.1396484375 0.912109375 0.0546875 0.0751953125
0 0.4130859375 0.6298828125 0.021484375 0.0322265625
0 0.7666015625 0.794921875 0.041015625 0.0654296875
0 0.2216796875 0.9580078125 0.048828125 0.083984375
0 0.736328125 0.5302734375 0.0224609375 0.044921875
0 0.578125 0.939453125 0.0244140625 0.048828125
0 0.3291015625 0.130859375 0.033203125 0.056640625
0 0.2685546875 0.1845703125 0.02734375 0.0546875
0 0.4921875 0.6396484375 0.0205078125 0.0439453125
0 0.4287109375 0.7099609375 0.0205078125 0.0390625
0 0.048828125 0.720703125 0.01953125 0.03515625
0 0.9833984375 0.2705078125 0.0234375 0.056640625
0 0.8310546875 0.3701171875 0.0244140625 0.046875
0 0.0224609375 0.8720703125 0.01953125 0.041015625
0 0.35546875 0.9482421875 0.0283203125 0.048828125
0 0.427734375 0.4287109375 0.1064453125 0.3623046875
0 0.494140625 0.208984375 0.1103515625 0.2001953125
0 0.8232421875 0.4736328125 0.013671875 0.0224609375
0 0.818359375 0.490234375 0.009765625 0.0166015625
0 0.845703125 0.51171875 0.0087890625 0.013671875
0 0.8779296875 0.46875 0.009765625 0.013671875
0 0.0322265625 0.2216796875 0.015625 0.0283203125
0 0.140625 0.53515625 0.009765625 0.0185546875
0 0.1748046875 0.5263671875 0.0107421875 0.0166015625
0 0.1826171875 0.5205078125 0.0078125 0.013671875
0 0.1767578125 0.509765625 0.0078125 0.009765625
0 0.173828125 0.4921875 0.0107421875 0.0185546875
0 0.1748046875 0.474609375 0.0087890625 0.015625
0 0.2216796875 0.455078125 0.01171875 0.0205078125
0 0.1884765625 0.421875 0.009765625 0.017578125
0 0.283203125 0.4052734375 0.01171875 0.0224609375
0 0.296875 0.166015625 0.0107421875 0.017578125
0 0.3349609375 0.078125 0.0107421875 0.015625
0 0.333984375 0.0654296875 0.005859375 0.0087890625
0 0.3115234375 0.0068359375 0.0068359375 0.01171875
0 0.4599609375 0.08203125 0.0107421875 0.0185546875