0 0.2685546875 0.78125 0.037109375 0.0546875
0 0.720703125 0.7919921875 0.08984375 0.119140625
0 0.2841796875 0.58984375 0.083984375 0.115234375
0 0.1591796875 0.5205078125 0.05859375 0.072265625
0 0.16796875 0.7138671875 0.03125 0.044921875
0 0.341796875 0.9287109375 0.1484375 0.142578125
0 0.9384765625 0.6689453125 0.03515625 0.05859375
0 0.9775390625 0.6435546875 0.025390625 0.0390625
0 0.2685546875 0.1787109375 0.115234375 0.173828125
0 0.9365234375 0.5244140625 0.076171875 0.11328125
0 0.21484375 0.8017578125 0.0234375 0.033203125
0 0.6474609375 0.44921875 0.091796875 0.13671875
0 0.0771484375 0.142578125 0.068359375 0.0859375
0 0.400390625 0.384765625 0.02734375 0.037109375
0 0.732421875 0.1611328125 0.052734375 0.07421875
0 0.154296875 0.0869140625 0.0625 0.083984375
0 0.7451171875 0.4345703125 0.03125 0.05078125
0 0.5185546875 0.044921875 0.03125 0.052734375
0 0.3955078125 0.904296875 0.04296875 0.0625
0 0.3251953125 0.859375 0.037109375 0.05859375
0 0.4794921875 0.36328125 0.02734375 0.046875
0 0.4033203125 0.3017578125 0.02734375 0.04296875
0 0.0166015625 0.3525390625 0.025390625 0.0390625
0 0.8671875 0.5810546875 0.03125 0.052734375
0 0.2919921875 0.072265625 0.037109375 0.0546875
0 0.4482421875 0.5869140625 0.166015625 0.3828125
0 0.55078125 0.7998046875 0.14453125 0.220703125
0 0.8427734375 0.4775390625 0.017578125 0.025390625
0 0.833984375 0.4619140625 0.013671875 0.01953125
0 0.8583984375 0.435546875 0.01171875 0.015625
0 0.8984375 0.474609375 0.013671875 0.015625
0 0.080078125 0.8603515625 0.01953125 0.03125
0 0.140625 0.525390625 0.013671875 0.01953125
0 0.17578125 0.5283203125 0.013671875 0.01953125
0 0.18359375 0.533203125 0.009765625 0.015625
0 0.1796875 0.544921875 0.009765625 0.01171875
0 0.1796875 0.5634765625 0.013671875 0.021484375
0 0.1845703125 0.5810546875 0.01171875 0.017578125
0 0.2353515625 0.59375 0.015625 0.0234375
0 0.20703125 0.6328125 0.01171875 0.01953125
0 0.3046875 0.6337890625 0.015625 0.025390625
0 0.357421875 0.875 0.013671875 0.01953125
0 0.41015625 0.95703125 0.013671875 0.017578125
0 0.4111328125 0.9697265625 0.0078125 0.009765625
0 0.5361328125 0.93359375 0.013671875 0.021484375