0 0.447265625 0.2548828125 0.048828125 0.072265625
0 0.541015625 0.353515625 0.0234375 0.037109375
0 0.474609375 0.509765625 0.017578125 0.03125
0 0.9541015625 0.1728515625 0.017578125 0.033203125
0 0.82421875 0.43359375 0.017578125 0.029296875
0 0.9521484375 0.5205078125 0.01171875 0.01953125
0 0.703125 0.6796875 0.01171875 0.01953125
0 0.6923828125 0.7158203125 0.01953125 0.029296875
0 0.6474609375 0.71875 0.013671875 0.025390625
0 0.5400390625 0.72265625 0.013671875 0.025390625
0 0.525390625 0.7412109375 0.013671875 0.01953125
0 0.2646484375 0.6083984375 0.015625 0.025390625
0 0.8896484375 0.853515625 0.017578125 0.02734375
0 0.8857421875 0.86328125 0.005859375 0.009765625
0 0.8974609375 0.767578125 0.009765625 0.015625
0 0.8720703125 0.796875 0.0078125 0.013671875
0 0.849609375 0.77734375 0.015625 0.025390625
0 0.9033203125 0.7880859375 0.005859375 0.009765625
0 0.9189453125 0.7255859375 0.0078125 0.01171875
0 0.1328125 0.3115234375 0.037109375 0.05859375
0 0.1826171875 0.1787109375 0.03515625 0.052734375
0 0.1884765625 0.140625 0.01171875 0.017578125
0 0.216796875 0.080078125 0.013671875 0.021484375
0 0.1787109375 0.0703125 0.015625 0.025390625
0 0.130859375 0.146484375 0.009765625 0.015625
0 0.1455078125 0.2060546875 0.005859375 0.009765625
0 0.1357421875 0.1787109375 0.009765625 0.015625
0 0.275390625 0.375 0.01953125 0.029296875
0 0.3173828125 0.521484375 0.01953125 0.033203125
0 0.3359375 0.5732421875 0.015625 0.0234375
0 0.7626953125 0.455078125 0.017578125 0.02734375
0 0.9189453125 0.5673828125 0.015625 0.02734375
0 0.9169921875 0.55078125 0.015625 0.029296875
0 0.412109375 0.857421875 0.017578125 0.02734375
0 0.314453125 0.783203125 0.041015625 0.060546875
0 0.1220703125 0.92578125 0.025390625 0.0390625
0 0.2373046875 0.7158203125 0.0390625 0.05859375
0 0.0537109375 0.646484375 0.107421875 0.15625
0 0.60546875 0.388671875 0.01171875 0.017578125
0 0.6640625 0.4365234375 0.005859375 0.01171875
0 0.734375 0.4169921875 0.0078125 0.013671875
0 0.7041015625 0.4404296875 0.0078125 0.01171875
0 0.6953125 0.44921875 0.0078125 0.013671875
0 0.66796875 0.49609375 0.0078125 0.01171875