0 0.572265625 0.73828125 0.04296875 0.0673828125
0 0.4697265625 0.6494140625 0.01953125 0.03515625
0 0.5224609375 0.4892578125 0.0146484375 0.029296875
0 0.0771484375 0.8642578125 0.015625 0.03125
0 0.18359375 0.5947265625 0.0146484375 0.02734375
0 0.048828125 0.51953125 0.009765625 0.01953125
0 0.2822265625 0.3408203125 0.0107421875 0.0185546875
0 0.2890625 0.3037109375 0.0166015625 0.02734375
0 0.333984375 0.2958984375 0.0107421875 0.0244140625
0 0.439453125 0.283203125 0.01171875 0.0244140625
0 0.4521484375 0.263671875 0.01171875 0.01953125
0 0.7216796875 0.3720703125 0.0126953125 0.0234375
0 0.08203125 0.18359375 0.013671875 0.025390625
0 0.0849609375 0.1748046875 0.005859375 0.009765625
0 0.08203125 0.26953125 0.0078125 0.015625
0 0.1044921875 0.23828125 0.0068359375 0.0126953125
0 0.12890625 0.255859375 0.01171875 0.0244140625
0 0.07421875 0.25 0.0048828125 0.0087890625
0 0.0634765625 0.3134765625 0.0068359375 0.01171875
0 0.8779296875 0.65625 0.0322265625 0.056640625
0 0.8408203125 0.791015625 0.03125 0.0498046875
0 0.837890625 0.8310546875 0.009765625 0.017578125
0 0.8154296875 0.892578125 0.01171875 0.0205078125
0 0.8544921875 0.8994140625 0.013671875 0.0244140625
0 0.89453125 0.8193359375 0.0078125 0.015625
0 0.875 0.7607421875 0.005859375 0.0087890625
0 0.8876953125 0.787109375 0.0078125 0.015625
0 0.7314453125 0.60546875 0.0166015625 0.0283203125
0 0.6767578125 0.4638671875 0.0166015625 0.0322265625
0 0.6552734375 0.4140625 0.0146484375 0.0224609375
0 0.2421875 0.568359375 0.0146484375 0.025390625
0 0.078125 0.470703125 0.0126953125 0.025390625
0 0.0810546875 0.486328125 0.0126953125 0.0283203125
0 0.5546875 0.138671875 0.015625 0.025390625
0 0.6572265625 0.2041015625 0.03515625 0.05859375
0 0.8359375 0.0458984375 0.021484375 0.0380859375
0 0.740234375 0.263671875 0.0341796875 0.0546875
0 0.9287109375 0.3173828125 0.0986328125 0.146484375
0 0.4033203125 0.6201171875 0.009765625 0.017578125
0 0.3408203125 0.578125 0.005859375 0.0107421875
0 0.2734375 0.603515625 0.0068359375 0.013671875
0 0.30078125 0.5771484375 0.005859375 0.01171875
0 0.3095703125 0.5673828125 0.0068359375 0.013671875
0 0.33203125 0.51953125 0.0068359375 0.0107421875