0 0.5322265625 0.033203125 0.04296875 0.06640625
0 0.166015625 0.5595703125 0.04296875 0.07421875
0 0.009765625 0.3076171875 0.01953125 0.197265625
0 0.064453125 0.2158203125 0.021484375 0.033203125
0 0.271484375 0.6513671875 0.01953125 0.03125
0 0.30859375 0.701171875 0.01953125 0.029296875
0 0.072265625 0.1259765625 0.015625 0.02734375
0 0.1591796875 0.1865234375 0.015625 0.0234375
0 0.1953125 0.2958984375 0.015625 0.0234375
0 0.466796875 0.7978515625 0.021484375 0.03515625
0 0.1474609375 0.35546875 0.013671875 0.01953125
0 0.228515625 0.2939453125 0.015625 0.02734375
0 0.220703125 0.220703125 0.01171875 0.021484375
0 0.380859375 0.4345703125 0.013671875 0.0234375
0 0.4560546875 0.474609375 0.013671875 0.0234375
0 0.5693359375 0.912109375 0.017578125 0.02734375
0 0.2080078125 0.99609375 0.013671875 0.0078125
0 0.45703125 0.994140625 0.015625 0.01171875
0 0.22265625 0.6884765625 0.01171875 0.01953125
0 0.248046875 0.7509765625 0.015625 0.021484375
0 0.4609375 0.40625 0.01953125 0.03515625
0 0.4560546875 0.126953125 0.013671875 0.0234375
0 0.607421875 0.38671875 0.013671875 0.021484375
0 0.607421875 0.3564453125 0.01171875 0.01953125
0 0.5888671875 0.208984375 0.01171875 0.021484375
0 0.6162109375 0.1689453125 0.013671875 0.0234375
0 0.65234375 0.2607421875 0.01171875 0.0234375
0 0.6640625 0.244140625 0.025390625 0.041015625
0 0.6025390625 0.2587890625 0.013671875 0.021484375
0 0.6591796875 0.181640625 0.017578125 0.029296875
0 0.5712890625 0.0712890625 0.013671875 0.0234375
0 0.6865234375 0.115234375 0.01171875 0.021484375
0 0.6318359375 0.0771484375 0.0234375 0.03515625
0 0.607421875 0.1005859375 0.025390625 0.033203125
0 0.5947265625 0.1396484375 0.02734375 0.037109375
0 0.798828125 0.052734375 0.03515625 0.056640625
0 0.763671875 0.087890625 0.01953125 0.03515625
0 0.7578125 0.0166015625 0.046875 0.033203125
0 0.78515625 0.1572265625 0.013671875 0.02734375
0 0.82421875 0.1611328125 0.01953125 0.037109375
0 0.8203125 0.4375 0.017578125 0.025390625
0 0.732421875 0.7001953125 0.017578125 0.025390625
0 0.7451171875 0.7255859375 0.013671875 0.025390625
0 0.7216796875 0.37109375 0.103515625 0.1640625
0 0.796875 0.2998046875 0.0859375 0.125
0 0.779296875 0.2060546875 0.05078125 0.0625
0 0.8857421875 0.1865234375 0.076171875 0.142578125
0 0.65625 0.6201171875 0.119140625 0.197265625
0 0.6455078125 0.8359375 0.0546875 0.08203125
0 0.734375 0.841796875 0.0546875 0.080078125
0 0.8251953125 0.9052734375 0.03125 0.060546875
0 0.845703125 0.8154296875 0.04296875 0.06640625
0 0.7998046875 0.8642578125 0.0234375 0.037109375
0 0.7939453125 0.6455078125 0.08984375 0.150390625
0 0.77734375 0.583984375 0.013671875 0.025390625
0 0.8232421875 0.56640625 0.05078125 0.080078125
0 0.5361328125 0.7900390625 0.01171875 0.021484375
0 0.4931640625 0.8447265625 0.01171875 0.021484375
0 0.9443359375 0.845703125 0.029296875 0.044921875
0 0.8798828125 0.55859375 0.013671875 0.021484375
0 0.9345703125 0.5400390625 0.013671875 0.0234375
0 0.9404296875 0.7451171875 0.015625 0.02734375
0 0.890625 0.6953125 0.01171875 0.01953125
0 0.896484375 0.9453125 0.01171875 0.021484375
0 0.9853515625 0.6953125 0.01171875 0.01953125
0 0.9443359375 0.3447265625 0.03515625 0.060546875
0 0.9775390625 0.3720703125 0.03515625 0.111328125
0 0.9609375 0.22265625 0.017578125 0.02734375
0 0.8544921875 0.0751953125 0.013671875 0.01953125
0 0.7998046875 0.0947265625 0.013671875 0.01953125
0 0.7744140625 0.119140625 0.009765625 0.01953125
0 0.919921875 0.08984375 0.0859375 0.1796875
0 0.865234375 0.02734375 0.0234375 0.037109375