0 0.3486328125 0.0517578125 0.04296875 0.06640625
0 0.8310546875 0.47265625 0.04296875 0.07421875
0 0.9443359375 0.1875 0.064453125 0.19921875
0 0.8466796875 0.1162109375 0.021484375 0.033203125
0 0.7509765625 0.5869140625 0.01953125 0.03125
0 0.7275390625 0.6455078125 0.01953125 0.029296875
0 0.8173828125 0.0302734375 0.015625 0.02734375
0 0.7470703125 0.1103515625 0.015625 0.0234375
0 0.73828125 0.224609375 0.015625 0.0234375
0 0.5966796875 0.7783203125 0.021484375 0.03515625
0 0.798828125 0.271484375 0.013671875 0.01953125
0 0.7060546875 0.2314453125 0.015625 0.02734375
0 0.6962890625 0.158203125 0.01171875 0.021484375
0 0.591796875 0.4052734375 0.013671875 0.0234375
0 0.5283203125 0.4619140625 0.013671875 0.0234375
0 0.525390625 0.9130859375 0.017578125 0.02734375
0 0.8974609375 0.9150390625 0.013671875 0.0234375
0 0.6533203125 0.970703125 0.015625 0.021484375
0 0.5810546875 0.9921875 0.01171875 0.005859375
0 0.806640625 0.6123046875 0.01171875 0.01953125
0 0.7978515625 0.6796875 0.015625 0.021484375
0 0.5078125 0.3955078125 0.01953125 0.03515625
0 0.4453125 0.1240234375 0.013671875 0.0234375
0 0.3603515625 0.4130859375 0.013671875 0.021484375
0 0.353515625 0.3828125 0.01171875 0.01953125
0 0.3359375 0.234375 0.01171875 0.021484375
0 0.30078125 0.2041015625 0.013671875 0.0234375
0 0.2861328125 0.30078125 0.01171875 0.0234375
0 0.271484375 0.287109375 0.025390625 0.041015625
0 0.3349609375 0.2880859375 0.013671875 0.021484375
0 0.2607421875 0.2255859375 0.017578125 0.029296875
0 0.3193359375 0.09765625 0.013671875 0.0234375
0 0.2177734375 0.1689453125 0.01171875 0.021484375
0 0.26171875 0.1181640625 0.0234375 0.03515625
0 0.2919921875 0.1337890625 0.025390625 0.033203125
0 0.3134765625 0.1708984375 0.02734375 0.037109375
0 0.0947265625 0.134765625 0.03515625 0.056640625
0 0.1376953125 0.1611328125 0.01953125 0.03515625
0 0.12109375 0.0751953125 0.046875 0.064453125
0 0.1328125 0.2333984375 0.013671875 0.02734375
0 0.095703125 0.2451171875 0.01953125 0.037109375
0 0.1669921875 0.5126953125 0.017578125 0.025390625
0 0.3154296875 0.7470703125 0.017578125 0.025390625
0 0.3095703125 0.775390625 0.013671875 0.025390625
0 0.2470703125 0.42578125 0.103515625 0.1640625
0 0.15625 0.3740234375 0.0859375 0.125
0 0.150390625 0.279296875 0.05078125 0.0625
0 0.04296875 0.2861328125 0.076171875 0.142578125
0 0.3701171875 0.6513671875 0.119140625 0.197265625
0 0.431640625 0.8583984375 0.0546875 0.08203125
0 0.34765625 0.8857421875 0.0546875 0.080078125
0 0.275390625 0.96875 0.03125 0.060546875
0 0.2333984375 0.88671875 0.04296875 0.06640625
0 0.2900390625 0.921875 0.0234375 0.037109375
0 0.2421875 0.7099609375 0.08984375 0.150390625
0 0.2431640625 0.6455078125 0.013671875 0.025390625
0 0.1953125 0.638671875 0.05078125 0.080078125
0 0.52734375 0.787109375 0.01171875 0.021484375
0 0.5830078125 0.830078125 0.01171875 0.021484375
0 0.1455078125 0.9404296875 0.029296875 0.044921875
0 0.1376953125 0.6455078125 0.013671875 0.021484375
0 0.0791015625 0.640625 0.013671875 0.0234375
0 0.125 0.83984375 0.015625 0.02734375
0 0.16015625 0.7802734375 0.01171875 0.01953125
0 0.0498046875 0.8896484375 0.021484375 0.083984375
0 0.068359375 0.802734375 0.01171875 0.01953125
0 0.0244140625 0.453125 0.03515625 0.060546875
0 0.0068359375 0.4892578125 0.013671875 0.111328125
0 0.0458984375 0.169921875 0.013671875 0.01953125
0 0.103515625 0.17578125 0.013671875 0.01953125
0 0.134765625 0.193359375 0.009765625 0.01953125
0 0.0107421875 0.1748046875 0.021484375 0.232421875
0 0.0234375 0.126953125 0.0234375 0.037109375