0 0.5849609375 0.05078125 0.0341796875 0.0625
0 0.1650390625 0.5166015625 0.033203125 0.0693359375
0 0.021484375 0.2529296875 0.04296875 0.1904296875
0 0.013671875 0.03515625 0.02734375 0.0703125
0 0.1083984375 0.171875 0.017578125 0.0302734375
0 0.2578125 0.6181640625 0.015625 0.0283203125
0 0.287109375 0.671875 0.0166015625 0.02734375
0 0.126953125 0.0849609375 0.01171875 0.025390625
0 0.2041015625 0.154296875 0.013671875 0.0224609375
0 0.2255859375 0.2646484375 0.01171875 0.021484375
0 0.4296875 0.78515625 0.015625 0.033203125
0 0.1728515625 0.31640625 0.0107421875 0.017578125
0 0.2587890625 0.267578125 0.01171875 0.0244140625
0 0.259765625 0.1943359375 0.009765625 0.0205078125
0 0.3896484375 0.421875 0.01171875 0.021484375
0 0.4580078125 0.4697265625 0.01171875 0.0224609375
0 0.515625 0.9072265625 0.013671875 0.0244140625
0 0.154296875 0.9541015625 0.01171875 0.021484375
0 0.3974609375 0.9794921875 0.0126953125 0.0205078125
0 0.4716796875 0.994140625 0.01171875 0.01171875
0 0.2060546875 0.6484375 0.0087890625 0.017578125
0 0.2236328125 0.712890625 0.0126953125 0.0185546875
0 0.470703125 0.4033203125 0.015625 0.0322265625
0 0.5 0.1318359375 0.01171875 0.0224609375
0 0.6162109375 0.40234375 0.009765625 0.01953125
0 0.619140625 0.3720703125 0.0087890625 0.0185546875
0 0.619140625 0.2265625 0.009765625 0.01953125
0 0.6494140625 0.19140625 0.01171875 0.0224609375
0 0.6748046875 0.28515625 0.009765625 0.021484375
0 0.6875 0.26953125 0.0205078125 0.0380859375
0 0.6259765625 0.2783203125 0.009765625 0.01953125
0 0.6904296875 0.2080078125 0.013671875 0.0263671875
0 0.6181640625 0.0908203125 0.01171875 0.0205078125
0 0.724609375 0.1484375 0.0087890625 0.021484375
0 0.6767578125 0.1044921875 0.0205078125 0.0322265625
0 0.650390625 0.1240234375 0.021484375 0.0302734375
0 0.6328125 0.1611328125 0.0224609375 0.033203125
0 0.8408203125 0.1005859375 0.0283203125 0.0517578125
0 0.802734375 0.130859375 0.0146484375 0.0322265625
0 0.8076171875 0.0458984375 0.0380859375 0.05859375
0 0.8154296875 0.2001953125 0.0107421875 0.0244140625
0 0.853515625 0.208984375 0.0146484375 0.0341796875
0 0.81640625 0.4755859375 0.013671875 0.0234375
0 0.69921875 0.720703125 0.0146484375 0.0224609375
0 0.708984375 0.748046875 0.0107421875 0.0234375
0 0.728515625 0.400390625 0.083984375 0.1513671875
0 0.810546875 0.33984375 0.0712890625 0.115234375
0 0.8046875 0.2470703125 0.0439453125 0.056640625
0 0.91015625 0.2412109375 0.0576171875 0.1337890625
0 0.6357421875 0.634765625 0.09375 0.1826171875
0 0.599609375 0.8427734375 0.0439453125 0.07421875
0 0.6845703125 0.859375 0.0439453125 0.07421875
0 0.765625 0.931640625 0.0244140625 0.056640625
0 0.7958984375 0.8466796875 0.0341796875 0.060546875
0 0.7451171875 0.888671875 0.01953125 0.033203125
0 0.765625 0.67578125 0.072265625 0.1396484375
0 0.7568359375 0.6142578125 0.01171875 0.0224609375
0 0.8037109375 0.6015625 0.041015625 0.0732421875
0 0.4990234375 0.78515625 0.009765625 0.0185546875
0 0.4501953125 0.833984375 0.009765625 0.01953125
0 0.8876953125 0.8876953125 0.0244140625 0.041015625
0 0.859375 0.6015625 0.01171875 0.01953125
0 0.916015625 0.58984375 0.01171875 0.021484375
0 0.896484375 0.7890625 0.01171875 0.0244140625
0 0.8544921875 0.7353515625 0.0087890625 0.01953125
0 0.8310546875 0.98046875 0.0087890625 0.01953125
0 0.96875 0.962890625 0.0205078125 0.0302734375
0 0.984375 0.8291015625 0.0302734375 0.08203125
0 0.9462890625 0.74609375 0.0087890625 0.0185546875
0 0.9873046875 0.666015625 0.025390625 0.0859375
0 0.9921875 0.732421875 0.015625 0.041015625
0 0.9482421875 0.4013671875 0.029296875 0.056640625
0 0.9833984375 0.43359375 0.0322265625 0.107421875
0 0.978515625 0.28515625 0.013671875 0.025390625
0 0.892578125 0.12890625 0.01171875 0.0185546875
0 0.837890625 0.140625 0.009765625 0.017578125
0 0.8095703125 0.162109375 0.0078125 0.0185546875
0 0.96484375 0.119140625 0.0693359375 0.236328125
0 0.9091796875 0.083984375 0.017578125 0.033203125