0 0.75390625 0.5029296875 0.4921875 0.994140625
0 0.296875 0.5361328125 0.48828125 0.68359375
0 0.451171875 0.9189453125 0.11328125 0.162109375
0 0.4853515625 0.9580078125 0.02734375 0.03515625
0 0.1982421875 0.9482421875 0.029296875 0.0390625
0 0.4736328125 0.2470703125 0.0390625 0.037109375
0 0.501953125 0.32421875 0.01953125 0.025390625
0 0.5302734375 0.3466796875 0.025390625 0.03125
0 0.607421875 0.029296875 0.02734375 0.044921875
0 0.5859375 0.0166015625 0.01953125 0.021484375
0 0.0791015625 0.3330078125 0.158203125 0.505859375
0 0.0390625 0.7568359375 0.078125 0.353515625
0 0.01953125 0.90234375 0.0390625 0.046875
0 0.1591796875 0.1513671875 0.056640625 0.0859375
0 0.1669921875 0.126953125 0.021484375 0.0234375
0 0.0830078125 0.109375 0.015625 0.017578125
0 0.1181640625 0.1767578125 0.01171875 0.015625
0 0.0615234375 0.072265625 0.013671875 0.017578125
0 0.2333984375 0.0361328125 0.025390625 0.02734375
0 0.5078125 0.0498046875 0.025390625 0.02734375
0 0.478515625 0.0009765625 0.015625 0.001953125
0 0.2431640625 0.0986328125 0.01171875 0.015625
0 0.466796875 0.0947265625 0.01953125 0.025390625
0 0.5908203125 0.208984375 0.01171875 0.013671875
0 0.5673828125 0.197265625 0.015625 0.01953125
0 0.62890625 0.0654296875 0.025390625 0.03515625
0 0.6005859375 0.0791015625 0.017578125 0.03125
0 0.65625 0.0498046875 0.013671875 0.01953125
0 0.5576171875 0.0283203125 0.017578125 0.01953125
0 0.390625 0.173828125 0.013671875 0.015625
0 0.2412109375 0.1298828125 0.013671875 0.015625
0 0.1025390625 0.0224609375 0.01171875 0.013671875
0 0.3515625 0.0908203125 0.015625 0.017578125
0 0.3603515625 0.11328125 0.015625 0.015625
0 0.373046875 0.134765625 0.017578125 0.0234375
0 0.3974609375 0.1220703125 0.017578125 0.021484375
0 0.3212890625 0.0029296875 0.025390625 0.005859375
0 0.4541015625 0.0615234375 0.017578125 0.0234375
0 0.3173828125 0.943359375 0.01953125 0.029296875
0 0.2373046875 0.8671875 0.01171875 0.017578125
0 0.2861328125 0.9033203125 0.013671875 0.013671875
0 0.2421875 0.953125 0.015625 0.03515625
0 0.2265625 0.9580078125 0.0078125 0.009765625
0 0.2880859375 0.888671875 0.0078125 0.01171875
0 0.1181640625 0.951171875 0.0234375 0.02734375
0 0.091796875 0.953125 0.021484375 0.02734375
0 0.0400390625 0.943359375 0.01171875 0.013671875
0 0.0263671875 0.9453125 0.01171875 0.013671875
0 0.037109375 0.9580078125 0.01953125 0.009765625
0 0.0634765625 0.9052734375 0.01953125 0.02734375
0 0.0712890625 0.845703125 0.021484375 0.033203125
0 0.1474609375 0.8310546875 0.015625 0.0234375
0 0.1591796875 0.8974609375 0.013671875 0.015625
0 0.1064453125 0.890625 0.01171875 0.013671875
0 0.326171875 0.966796875 0.013671875 0.017578125
0 0.107421875 0.3486328125 0.013671875 0.021484375
0 0.2001953125 0.2265625 0.015625 0.01953125
0 0.544921875 0.537109375 0.01171875 0.01171875
0 0.544921875 0.5078125 0.021484375 0.0234375
0 0.560546875 0.439453125 0.015625 0.015625
0 0.546875 0.4755859375 0.013671875 0.013671875
0 0.623046875 0.1748046875 0.01171875 0.015625