0 0.23828125 0.5068359375 0.4765625 0.986328125
0 0.6787109375 0.5146484375 0.525390625 0.71875
0 0.5302734375 0.9150390625 0.123046875 0.169921875
0 0.4990234375 0.9580078125 0.029296875 0.037109375
0 0.7958984375 0.9365234375 0.03125 0.041015625
0 0.4853515625 0.22265625 0.041015625 0.0390625
0 0.4599609375 0.3037109375 0.021484375 0.02734375
0 0.431640625 0.3271484375 0.02734375 0.033203125
0 0.90234375 0.296875 0.1953125 0.52734375
0 0.953125 0.7333984375 0.09375 0.369140625
0 0.9775390625 0.8837890625 0.044921875 0.048828125
0 0.8076171875 0.1123046875 0.0625 0.08984375
0 0.7978515625 0.0869140625 0.0234375 0.025390625
0 0.9384765625 0.0419921875 0.01953125 0.025390625
0 0.8837890625 0.06640625 0.017578125 0.01953125
0 0.849609375 0.1376953125 0.01171875 0.017578125
0 0.904296875 0.02734375 0.013671875 0.017578125
0 0.7255859375 0.005859375 0.025390625 0.01171875
0 0.443359375 0.0185546875 0.02734375 0.029296875
0 0.71875 0.0595703125 0.013671875 0.017578125
0 0.4873046875 0.0654296875 0.01953125 0.025390625
0 0.36328125 0.1875 0.01171875 0.015625
0 0.3876953125 0.1748046875 0.015625 0.01953125
0 0.318359375 0.0400390625 0.02734375 0.037109375
0 0.34765625 0.0546875 0.01953125 0.03125
0 0.2900390625 0.0283203125 0.013671875 0.013671875
0 0.568359375 0.1435546875 0.013671875 0.017578125
0 0.7216796875 0.09375 0.013671875 0.015625
0 0.6064453125 0.056640625 0.017578125 0.017578125
0 0.59765625 0.080078125 0.015625 0.015625
0 0.5849609375 0.1025390625 0.01953125 0.025390625
0 0.5595703125 0.0908203125 0.01953125 0.021484375
0 0.4990234375 0.029296875 0.01953125 0.0234375
0 0.6728515625 0.9365234375 0.021484375 0.03125
0 0.751953125 0.8544921875 0.013671875 0.01953125
0 0.703125 0.89453125 0.015625 0.013671875
0 0.75 0.943359375 0.017578125 0.037109375
0 0.7666015625 0.9482421875 0.0078125 0.009765625
0 0.7021484375 0.87890625 0.009765625 0.01171875
0 0.8779296875 0.9365234375 0.025390625 0.029296875
0 0.90625 0.9404296875 0.0234375 0.029296875
0 0.958984375 0.92578125 0.01171875 0.013671875
0 0.9716796875 0.9267578125 0.01171875 0.013671875
0 0.9619140625 0.9423828125 0.021484375 0.01171875
0 0.9326171875 0.88671875 0.021484375 0.029296875
0 0.921875 0.826171875 0.021484375 0.03515625
0 0.84375 0.8134765625 0.017578125 0.0234375
0 0.833984375 0.8828125 0.013671875 0.015625
0 0.888671875 0.8740234375 0.01171875 0.015625
0 0.6650390625 0.9609375 0.015625 0.017578125
0 0.8681640625 0.314453125 0.015625 0.021484375
0 0.767578125 0.19140625 0.015625 0.01953125
0 0.421875 0.5244140625 0.01171875 0.013671875
0 0.4208984375 0.494140625 0.0234375 0.025390625
0 0.4033203125 0.4248046875 0.015625 0.015625
0 0.41796875 0.4619140625 0.013671875 0.015625
0 0.3291015625 0.1533203125 0.01171875 0.015625