0 0.3486328125 0.333984375 0.0625 0.08203125
0 0.478515625 0.67578125 0.068359375 0.09375
0 0.3544921875 0.7177734375 0.0390625 0.052734375
0 0.2060546875 0.806640625 0.033203125 0.052734375
0 0.50390625 0.814453125 0.05859375 0.080078125
0 0.779296875 0.4833984375 0.04296875 0.05859375
0 0.2822265625 0.0625 0.03125 0.04296875
0 0.087890625 0.37109375 0.025390625 0.0390625
0 0.052734375 0.33984375 0.025390625 0.03515625
0 0.6083984375 0.388671875 0.033203125 0.046875
0 0.5078125 0.23828125 0.0234375 0.033203125
0 0.9404296875 0.345703125 0.0234375 0.029296875
0 0.78515625 0.71875 0.0234375 0.03125
0 0.876953125 0.1083984375 0.01953125 0.029296875
0 0.6337890625 0.1396484375 0.0234375 0.03125
0 0.28515625 0.150390625 0.025390625 0.03125
0 0.2587890625 0.599609375 0.017578125 0.025390625
0 0.2568359375 0.919921875 0.01953125 0.02734375
0 0.2119140625 0.90234375 0.021484375 0.03125
0 0.2333984375 0.85546875 0.021484375 0.02734375
0 0.482421875 0.95703125 0.025390625 0.033203125
0 0.9140625 0.0908203125 0.015625 0.025390625
0 0.892578125 0.255859375 0.021484375 0.02734375
0 0.55859375 0.2607421875 0.01953125 0.02734375
0 0.408203125 0.197265625 0.01953125 0.02734375
0 0.3017578125 0.5439453125 0.02734375 0.04296875
0 0.5068359375 0.4267578125 0.017578125 0.021484375
0 0.2900390625 0.224609375 0.015625 0.025390625
0 0.201171875 0.4267578125 0.017578125 0.025390625
0 0.056640625 0.521484375 0.037109375 0.05859375
0 0.076171875 0.4208984375 0.025390625 0.0390625
0 0.0244140625 0.283203125 0.0234375 0.03515625
0 0.04296875 0.2783203125 0.021484375 0.03125
0 0.2333984375 0.6044921875 0.021484375 0.02734375
0 0.126953125 0.390625 0.03125 0.046875
0 0.3193359375 0.4365234375 0.021484375 0.03125