0 0.6240234375 0.275390625 0.052734375 0.076171875
0 0.546875 0.642578125 0.056640625 0.087890625
0 0.6796875 0.666015625 0.03125 0.048828125
0 0.8447265625 0.7314453125 0.025390625 0.05078125
0 0.5439453125 0.7880859375 0.05078125 0.07421875
0 0.2099609375 0.49609375 0.037109375 0.0546875
0 0.89453125 0.271484375 0.01953125 0.0390625
0 0.92578125 0.234375 0.021484375 0.03515625
0 0.369140625 0.3720703125 0.02734375 0.046875
0 0.447265625 0.2041015625 0.017578125 0.03125
0 0.025390625 0.3828125 0.01953125 0.02734375
0 0.2431640625 0.7353515625 0.01953125 0.029296875
0 0.0517578125 0.130859375 0.015625 0.02734375
0 0.3037109375 0.123046875 0.021484375 0.029296875
0 0.6591796875 0.0791015625 0.021484375 0.029296875
0 0.7587890625 0.5302734375 0.015625 0.0234375
0 0.8115234375 0.85546875 0.015625 0.025390625
0 0.8544921875 0.830078125 0.017578125 0.029296875
0 0.8251953125 0.7861328125 0.017578125 0.025390625
0 0.587890625 0.9287109375 0.021484375 0.03125
0 0.0126953125 0.119140625 0.01171875 0.0234375
0 0.0595703125 0.283203125 0.017578125 0.025390625
0 0.3994140625 0.234375 0.015625 0.025390625
0 0.5419921875 0.146484375 0.015625 0.025390625
0 0.705078125 0.4814453125 0.0234375 0.041015625
0 0.478515625 0.39453125 0.015625 0.01953125
0 0.666015625 0.154296875 0.013671875 0.0234375
0 0.7880859375 0.345703125 0.013671875 0.025390625
0 0.9501953125 0.4189453125 0.029296875 0.056640625
0 0.9140625 0.3193359375 0.021484375 0.0390625
0 0.9443359375 0.171875 0.01953125 0.03515625
0 0.9248046875 0.169921875 0.017578125 0.029296875
0 0.7841796875 0.53125 0.017578125 0.025390625
0 0.8583984375 0.2958984375 0.0234375 0.046875
0 0.6708984375 0.375 0.017578125 0.029296875