0 0.623046875 0.3046875 0.048828125 0.0732421875
0 0.556640625 0.6552734375 0.052734375 0.0830078125
0 0.6826171875 0.6748046875 0.0302734375 0.046875
0 0.8408203125 0.7353515625 0.0234375 0.048828125
0 0.5556640625 0.79296875 0.0458984375 0.0712890625
0 0.232421875 0.521484375 0.0341796875 0.0517578125
0 0.640625 0.03125 0.0234375 0.0380859375
0 0.8818359375 0.296875 0.0185546875 0.0361328125
0 0.91015625 0.259765625 0.01953125 0.033203125
0 0.3818359375 0.400390625 0.0244140625 0.04296875
0 0.453125 0.2392578125 0.017578125 0.029296875
0 0.0546875 0.416015625 0.0185546875 0.0263671875
0 0.267578125 0.7490234375 0.0185546875 0.02734375
0 0.0751953125 0.1767578125 0.0146484375 0.0263671875
0 0.3154296875 0.1650390625 0.01953125 0.02734375
0 0.36328125 0.0107421875 0.0244140625 0.021484375
0 0.6533203125 0.1162109375 0.0205078125 0.02734375
0 0.755859375 0.544921875 0.013671875 0.0224609375
0 0.8115234375 0.853515625 0.013671875 0.0244140625
0 0.8515625 0.8291015625 0.017578125 0.02734375
0 0.8232421875 0.787109375 0.015625 0.0244140625
0 0.599609375 0.9267578125 0.01953125 0.029296875
0 0.037109375 0.166015625 0.01171875 0.0224609375
0 0.0859375 0.3212890625 0.0166015625 0.0244140625
0 0.408203125 0.26953125 0.0146484375 0.0244140625
0 0.54296875 0.1826171875 0.0146484375 0.0244140625
0 0.7041015625 0.4990234375 0.021484375 0.0380859375
0 0.486328125 0.419921875 0.013671875 0.0185546875
0 0.6611328125 0.1884765625 0.0126953125 0.0224609375
0 0.78125 0.3681640625 0.0126953125 0.0244140625
0 0.9365234375 0.435546875 0.0263671875 0.0537109375
0 0.900390625 0.341796875 0.01953125 0.0361328125
0 0.9267578125 0.201171875 0.0185546875 0.033203125
0 0.908203125 0.1982421875 0.0166015625 0.02734375
0 0.7802734375 0.5458984375 0.015625 0.0244140625
0 0.84765625 0.3212890625 0.0224609375 0.04296875
0 0.669921875 0.3984375 0.015625 0.02734375