0 0.1650390625 0.0771484375 0.08203125 0.140625
0 0.8642578125 0.8798828125 0.052734375 0.078125
0 0.087890625 0.9326171875 0.11328125 0.087890625
0 0.1005859375 0.228515625 0.064453125 0.109375
0 0.06640625 0.3828125 0.041015625 0.056640625
0 0.1533203125 0.3935546875 0.037109375 0.060546875
0 0.08984375 0.59375 0.080078125 0.138671875
0 0.18359375 0.6728515625 0.076171875 0.154296875
0 0.646484375 0.466796875 0.060546875 0.08984375
0 0.837890625 0.4228515625 0.041015625 0.072265625
0 0.671875 0.9130859375 0.13671875 0.173828125
0 0.4560546875 0.9794921875 0.04296875 0.0390625
0 0.5185546875 0.962890625 0.037109375 0.064453125
0 0.525390625 0.125 0.04296875 0.078125
0 0.5400390625 0.302734375 0.05078125 0.08203125
0 0.671875 0.2666015625 0.046875 0.091796875
0 0.6875 0.1396484375 0.04296875 0.0625
0 0.6220703125 0.2177734375 0.025390625 0.0546875
0 0.5693359375 0.8076171875 0.03515625 0.0546875
0 0.2841796875 0.7939453125 0.04296875 0.0546875
0 0.2822265625 0.8642578125 0.041015625 0.05859375
0 0.2412109375 0.7021484375 0.0390625 0.068359375
0 0.29296875 0.6572265625 0.0390625 0.068359375
0 0.8271484375 0.7822265625 0.03515625 0.052734375
0 0.9033203125 0.7607421875 0.103515625 0.1875
0 0.900390625 0.9814453125 0.09375 0.037109375
0 0.775390625 0.47265625 0.060546875 0.107421875
0 0.51953125 0.63671875 0.033203125 0.056640625
0 0.4912109375 0.53515625 0.037109375 0.044921875
0 0.46484375 0.427734375 0.041015625 0.078125
0 0.443359375 0.2900390625 0.033203125 0.05859375
0 0.373046875 0.2822265625 0.033203125 0.046875
0 0.9775390625 0.5478515625 0.044921875 0.0703125
0 0.9931640625 0.322265625 0.013671875 0.0703125
0 0.9912109375 0.251953125 0.017578125 0.0390625
0 0.23828125 0.302734375 0.037109375 0.072265625
0 0.2734375 0.2177734375 0.033203125 0.04296875
0 0.162109375 0.294921875 0.037109375 0.068359375
0 0.025390625 0.4755859375 0.0390625 0.06640625
0 0.275390625 0.1376953125 0.06640625 0.107421875
0 0.119140625 0.0244140625 0.05078125 0.048828125
0 0.0693359375 0.1201171875 0.064453125 0.10546875
0 0.3427734375 0.4990234375 0.060546875 0.103515625
0 0.1103515625 0.5185546875 0.0390625 0.060546875
0 0.20703125 0.4326171875 0.029296875 0.041015625
0 0.783203125 0.888671875 0.041015625 0.0625
0 0.599609375 0.6962890625 0.025390625 0.044921875
0 0.583984375 0.392578125 0.029296875 0.041015625
0 0.7890625 0.6748046875 0.03125 0.0625
0 0.8310546875 0.4970703125 0.04296875 0.072265625
0 0.8349609375 0.330078125 0.0390625 0.05078125
0 0.83984375 0.271484375 0.05078125 0.060546875
0 0.9306640625 0.5107421875 0.029296875 0.052734375
0 0.93359375 0.6826171875 0.03125 0.046875
0 0.9638671875 0.71875 0.0234375 0.05078125
0 0.4951171875 0.599609375 0.03515625 0.046875
0 0.34765625 0.8916015625 0.03515625 0.048828125
0 0.19921875 0.8935546875 0.02734375 0.041015625
0 0.2373046875 0.8349609375 0.029296875 0.05078125
0 0.095703125 0.4208984375 0.044921875 0.087890625
0 0.85546875 0.16796875 0.2890625 0.30859375
0 0.3193359375 0.2783203125 0.037109375 0.064453125
0 0.576171875 0.123046875 0.03125 0.0390625
0 0.9619140625 0.4296875 0.02734375 0.04296875
0 0.029296875 0.771484375 0.05859375 0.1796875
0 0.3359375 0.208984375 0.0390625 0.0546875
0 0.60546875 0.939453125 0.033203125 0.052734375
0 0.298828125 0.0693359375 0.029296875 0.037109375
0 0.0400390625 0.587890625 0.029296875 0.046875
0 0.375 0.7958984375 0.01953125 0.0390625
0 0.3349609375 0.671875 0.029296875 0.046875
0 0.345703125 0.6376953125 0.048828125 0.05078125
0 0.3828125 0.5546875 0.021484375 0.0546875
0 0.7353515625 0.7734375 0.025390625 0.0390625
0 0.6318359375 0.0537109375 0.01953125 0.04296875
0 0.65234375 0.60546875 0.025390625 0.041015625
0 0.08984375 0.7412109375 0.033203125 0.041015625
0 0.7138671875 0.8740234375 0.0390625 0.078125
0 0.8525390625 0.5693359375 0.03515625 0.048828125
0 0.8271484375 0.60546875 0.021484375 0.044921875
0 0.384765625 0.115234375 0.03515625 0.048828125