0 0.138671875 0.8935546875 0.0732421875 0.1357421875
0 0.88671875 0.146484375 0.046875 0.07421875
0 0.1220703125 0.0400390625 0.1064453125 0.080078125
0 0.0849609375 0.7392578125 0.0576171875 0.1044921875
0 0.0615234375 0.583984375 0.037109375 0.0537109375
0 0.1474609375 0.5791015625 0.033203125 0.0576171875
0 0.0986328125 0.3759765625 0.0703125 0.1328125
0 0.1982421875 0.3046875 0.064453125 0.1494140625
0 0.6416015625 0.5400390625 0.0556640625 0.0859375
0 0.8291015625 0.59765625 0.037109375 0.0693359375
0 0.69921875 0.0908203125 0.1240234375 0.181640625
0 0.4892578125 0.01953125 0.041015625 0.0380859375
0 0.5498046875 0.0390625 0.033203125 0.0615234375
0 0.4990234375 0.8720703125 0.037109375 0.0751953125
0 0.525390625 0.6962890625 0.044921875 0.078125
0 0.654296875 0.7421875 0.0400390625 0.0888671875
0 0.6611328125 0.8681640625 0.0380859375 0.05859375
0 0.6015625 0.7861328125 0.0224609375 0.0537109375
0 0.58984375 0.1982421875 0.0322265625 0.0517578125
0 0.306640625 0.19140625 0.0400390625 0.052734375
0 0.30859375 0.12109375 0.037109375 0.0556640625
0 0.2568359375 0.279296875 0.0341796875 0.06640625
0 0.3056640625 0.328125 0.03515625 0.0654296875
0 0.8427734375 0.2412109375 0.0322265625 0.0498046875
0 0.91796875 0.267578125 0.0908203125 0.1796875
0 0.931640625 0.0322265625 0.08984375 0.0634765625
0 0.7705078125 0.544921875 0.052734375 0.103515625
0 0.5283203125 0.3642578125 0.0302734375 0.0537109375
0 0.4931640625 0.4619140625 0.0341796875 0.04296875
0 0.458984375 0.5673828125 0.0341796875 0.076171875
0 0.4287109375 0.7021484375 0.029296875 0.0546875
0 0.3583984375 0.7041015625 0.029296875 0.04296875
0 0.9775390625 0.4833984375 0.041015625 0.06640625
0 0.9853515625 0.708984375 0.0283203125 0.068359375
0 0.9775390625 0.77734375 0.029296875 0.0380859375
0 0.2265625 0.67578125 0.03125 0.0703125
0 0.2548828125 0.76171875 0.03125 0.0400390625
0 0.150390625 0.677734375 0.0322265625 0.0654296875
0 0.0263671875 0.4892578125 0.0341796875 0.0634765625
0 0.251953125 0.841796875 0.05859375 0.1025390625
0 0.08984375 0.9599609375 0.0458984375 0.0791015625
0 0.0458984375 0.8447265625 0.0576171875 0.1025390625
0 0.34375 0.48828125 0.0537109375 0.0986328125
0 0.11328125 0.4521484375 0.03515625 0.0576171875
0 0.2041015625 0.544921875 0.02734375 0.0400390625
0 0.8076171875 0.1318359375 0.037109375 0.060546875
0 0.6123046875 0.310546875 0.0224609375 0.04296875
0 0.5751953125 0.6103515625 0.02734375 0.0400390625
0 0.798828125 0.34375 0.0263671875 0.0595703125
0 0.8271484375 0.5244140625 0.0380859375 0.0703125
0 0.8193359375 0.6904296875 0.03515625 0.0478515625
0 0.8212890625 0.7490234375 0.0458984375 0.0556640625
0 0.927734375 0.5166015625 0.0263671875 0.0517578125
0 0.9423828125 0.3466796875 0.02734375 0.044921875
0 0.9736328125 0.3134765625 0.0205078125 0.0498046875
0 0.501953125 0.3994140625 0.0322265625 0.0439453125
0 0.375 0.0986328125 0.03125 0.044921875
0 0.228515625 0.0869140625 0.025390625 0.0390625
0 0.26171875 0.1474609375 0.0263671875 0.0498046875
0 0.0927734375 0.548828125 0.0390625 0.0859375
0 0.833984375 0.853515625 0.27734375 0.29296875
0 0.3046875 0.705078125 0.03125 0.0615234375
0 0.548828125 0.8779296875 0.0283203125 0.0361328125
0 0.9521484375 0.599609375 0.0244140625 0.0400390625
0 0.04296875 0.1943359375 0.06640625 0.173828125
0 0.3173828125 0.7763671875 0.03515625 0.0517578125
0 0.634765625 0.0693359375 0.029296875 0.05078125
0 0.26953125 0.912109375 0.0263671875 0.03515625
0 0.048828125 0.37890625 0.025390625 0.044921875
0 0.3955078125 0.1962890625 0.017578125 0.0380859375
0 0.34765625 0.31640625 0.0263671875 0.0458984375
0 0.3564453125 0.3505859375 0.044921875 0.046875
0 0.38671875 0.435546875 0.0185546875 0.0517578125
0 0.751953125 0.2431640625 0.0224609375 0.037109375
0 0.599609375 0.9501953125 0.017578125 0.041015625
0 0.658203125 0.4033203125 0.0234375 0.0390625
0 0.109375 0.23046875 0.029296875 0.0380859375
0 0.7373046875 0.1416015625 0.0341796875 0.0751953125
0 0.8544921875 0.453125 0.03125 0.046875
0 0.83203125 0.416015625 0.0185546875 0.0439453125
0 0.3583984375 0.8720703125 0.0302734375 0.044921875