0 0.7978515625 0.8408203125 0.056640625 0.0703125
0 0.8134765625 0.7685546875 0.044921875 0.080078125
0 0.615234375 0.71484375 0.037109375 0.060546875
0 0.7158203125 0.7392578125 0.033203125 0.046875
0 0.76171875 0.5283203125 0.03515625 0.0625
0 0.416015625 0.837890625 0.041015625 0.06640625
0 0.7333984375 0.158203125 0.10546875 0.14453125
0 0.3076171875 0.6025390625 0.0390625 0.07421875
0 0.8408203125 0.4697265625 0.017578125 0.025390625
0 0.603515625 0.2236328125 0.046875 0.08203125
0 0.416015625 0.166015625 0.044921875 0.07421875
0 0.3876953125 0.6357421875 0.029296875 0.04296875
0 0.6376953125 0.1298828125 0.029296875 0.037109375
0 0.5712890625 0.0224609375 0.03125 0.041015625
0 0.72265625 0.458984375 0.01953125 0.03515625
0 0.9033203125 0.7939453125 0.01953125 0.01953125
0 0.2998046875 0.8017578125 0.025390625 0.048828125
0 0.3427734375 0.708984375 0.052734375 0.068359375
0 0.216796875 0.4541015625 0.025390625 0.044921875
0 0.6455078125 0.2978515625 0.02734375 0.046875
0 0.96484375 0.1220703125 0.044921875 0.060546875
0 0.84375 0.28125 0.021484375 0.044921875
0 0.5244140625 0.591796875 0.021484375 0.0390625
0 0.8251953125 0.6591796875 0.033203125 0.05078125
0 0.9345703125 0.5693359375 0.021484375 0.048828125
0 0.689453125 0.876953125 0.03125 0.046875
0 0.513671875 0.91796875 0.029296875 0.06640625
0 0.205078125 0.8125 0.033203125 0.052734375
0 0.1611328125 0.798828125 0.044921875 0.05859375
0 0.1259765625 0.65234375 0.033203125 0.05078125
0 0.0185546875 0.544921875 0.037109375 0.0546875
0 0.07421875 0.474609375 0.037109375 0.056640625
0 0.013671875 0.4306640625 0.0234375 0.05078125
0 0.1064453125 0.3359375 0.0390625 0.05859375
0 0.21484375 0.876953125 0.01953125 0.03125
0 0.1689453125 0.857421875 0.01953125 0.03515625
0 0.400390625 0.0263671875 0.0390625 0.052734375
0 0.470703125 0.330078125 0.037109375 0.044921875
0 0.4326171875 0.3115234375 0.021484375 0.037109375
0 0.404296875 0.2880859375 0.01953125 0.03125
0 0.29296875 0.150390625 0.021484375 0.04296875
0 0.056640625 0.8779296875 0.033203125 0.068359375
0 0.2421875 0.1904296875 0.037109375 0.068359375
0 0.189453125 0.1904296875 0.02734375 0.060546875
0 0.21484375 0.876953125 0.015625 0.03515625
0 0.66015625 0.939453125 0.025390625 0.029296875
0 0.7919921875 0.46875 0.0390625 0.0546875
0 0.6435546875 0.3984375 0.03515625 0.0625
0 0.6845703125 0.3642578125 0.0390625 0.05078125
0 0.80078125 0.548828125 0.01953125 0.03515625
0 0.8359375 0.572265625 0.025390625 0.03125
0 0.880859375 0.62109375 0.0234375 0.0546875
0 0.56640625 0.5810546875 0.02734375 0.05078125
0 0.529296875 0.525390625 0.025390625 0.05078125
0 0.41796875 0.5751953125 0.01953125 0.033203125
0 0.373046875 0.5224609375 0.03515625 0.044921875
0 0.802734375 0.0791015625 0.109375 0.130859375
0 0.7529296875 0.4150390625 0.080078125 0.14453125
0 0.244140625 0.6669921875 0.033203125 0.05859375
0 0.208984375 0.6708984375 0.01953125 0.03125
0 0.1552734375 0.416015625 0.029296875 0.044921875
0 0.4765625 0.115234375 0.02734375 0.046875
0 0.4345703125 0.068359375 0.025390625 0.03515625
0 0.6484375 0.7431640625 0.021484375 0.037109375
0 0.578125 0.8701171875 0.021484375 0.03515625
0 0.7236328125 0.94921875 0.021484375 0.029296875
0 0.7177734375 0.8974609375 0.01953125 0.037109375
0 0.880859375 0.966796875 0.015625 0.0234375
0 0.23828125 0.9443359375 0.021484375 0.029296875
0 0.5966796875 0.55078125 0.03515625 0.044921875
0 0.634765625 0.4560546875 0.01953125 0.021484375
0 0.90234375 0.705078125 0.017578125 0.02734375
0 0.8701171875 0.7021484375 0.01953125 0.025390625
0 0.92578125 0.66015625 0.025390625 0.01953125
0 0.98828125 0.623046875 0.01171875 0.025390625
0 0.3515625 0.0634765625 0.03125 0.056640625
0 0.9599609375 0.9775390625 0.0234375 0.0390625
0 0.1962890625 0.9736328125 0.02734375 0.0234375
0 0.150390625 0.962890625 0.015625 0.02734375
0 0.3447265625 0.953125 0.115234375 0.083984375
0 0.361328125 0.869140625 0.01953125 0.03515625
0 0.3720703125 0.8232421875 0.017578125 0.0390625
0 0.71875 0.041015625 0.015625 0.03125
0 0.5849609375 0.0634765625 0.013671875 0.025390625
0 0.4931640625 0.265625 0.015625 0.025390625
0 0.46484375 0.2509765625 0.013671875 0.029296875
0 0.6201171875 0.25390625 0.017578125 0.02734375
0 0.6142578125 0.3837890625 0.025390625 0.0390625
0 0.5390625 0.591796875 0.013671875 0.0234375
0 0.5390625 0.5693359375 0.009765625 0.015625
0 0.365234375 0.2392578125 0.029296875 0.041015625
0 0.3544921875 0.22265625 0.013671875 0.021484375
0 0.3203125 0.4794921875 0.017578125 0.03515625
0 0.298828125 0.470703125 0.015625 0.03125
0 0.060546875 0.8154296875 0.017578125 0.025390625
0 0.966796875 0.3857421875 0.013671875 0.0234375
0 0.841796875 0.1708984375 0.01953125 0.025390625
0 0.806640625 0.369140625 0.01953125 0.03515625
0 0.7470703125 0.341796875 0.01953125 0.0390625
0 0.7412109375 0.3037109375 0.017578125 0.029296875
0 0.72265625 0.296875 0.01953125 0.0390625
0 0.77734375 0.28515625 0.013671875 0.021484375
0 0.8427734375 0.09375 0.017578125 0.029296875
0 0.833984375 0.1220703125 0.015625 0.03125
0 0.8173828125 0.1611328125 0.017578125 0.025390625
0 0.4912109375 0.505859375 0.013671875 0.025390625
0 0.4921875 0.4833984375 0.013671875 0.021484375
0 0.2275390625 0.4013671875 0.013671875 0.0234375
0 0.07421875 0.333984375 0.015625 0.025390625
0 0.2431640625 0.5595703125 0.013671875 0.025390625
0 0.0791015625 0.7265625 0.01953125 0.029296875
0 0.09765625 0.9052734375 0.009765625 0.01953125
0 0.23046875 0.962890625 0.013671875 0.025390625
0 0.2177734375 0.9765625 0.01171875 0.01953125
0 0.2158203125 0.931640625 0.01171875 0.01953125
0 0.560546875 0.884765625 0.017578125 0.025390625
0 0.60546875 0.9267578125 0.01171875 0.01953125
0 0.869140625 0.8857421875 0.01171875 0.021484375
0 0.8564453125 0.9658203125 0.013671875 0.025390625
0 0.94921875 0.4013671875 0.013671875 0.0234375
0 0.91015625 0.0234375 0.015625 0.005859375
0 0.5654296875 0.4423828125 0.013671875 0.025390625
0 0.4833984375 0.615234375 0.015625 0.02734375
0 0.4580078125 0.712890625 0.015625 0.025390625
0 0.4091796875 0.7041015625 0.01171875 0.0234375
0 0.3974609375 0.7080078125 0.01171875 0.01953125
0 0.41796875 0.771484375 0.021484375 0.033203125
0 0.416015625 0.7490234375 0.013671875 0.025390625
0 0.943359375 0.2822265625 0.01171875 0.021484375
0 0.8251953125 0.9111328125 0.015625 0.025390625
0 0.7900390625 0.9150390625 0.01953125 0.033203125
0 0.8095703125 0.958984375 0.015625 0.025390625
0 0.7646484375 0.9931640625 0.013671875 0.013671875
0 0.701171875 0.92578125 0.017578125 0.02734375
0 0.646484375 0.8447265625 0.013671875 0.0234375
0 0.64453125 0.888671875 0.025390625 0.044921875
0 0.640625 0.94140625 0.021484375 0.04296875
0 0.6171875 0.9423828125 0.015625 0.033203125
0 0.6875 0.6328125 0.015625 0.0234375
0 0.7021484375 0.7041015625 0.015625 0.03125
0 0.67578125 0.697265625 0.013671875 0.01953125
0 0.7509765625 0.7568359375 0.017578125 0.03125
0 0.7607421875 0.8818359375 0.029296875 0.0703125
0 0.7734375 0.7900390625 0.017578125 0.03125
0 0.7890625 0.744140625 0.015625 0.025390625
0 0.7197265625 0.7783203125 0.017578125 0.0234375
0 0.7099609375 0.8544921875 0.015625 0.03125
0 0.6044921875 0.662109375 0.015625 0.02734375
0 0.5849609375 0.6474609375 0.015625 0.029296875
0 0.62890625 0.6083984375 0.013671875 0.025390625
0 0.6240234375 0.5859375 0.013671875 0.03125
0 0.54296875 0.6806640625 0.013671875 0.0234375
0 0.5 0.7001953125 0.013671875 0.02734375
0 0.4892578125 0.7080078125 0.009765625 0.0234375
0 0.478515625 0.83203125 0.013671875 0.0234375
0 0.2197265625 0.2314453125 0.0234375 0.04296875
0 0.3935546875 0.37109375 0.025390625 0.0546875
0 0.3486328125 0.4345703125 0.017578125 0.03125
0 0.3271484375 0.4326171875 0.015625 0.029296875
0 0.2998046875 0.4345703125 0.015625 0.025390625
0 0.3232421875 0.4130859375 0.01171875 0.025390625
0 0.30859375 0.412109375 0.01171875 0.01953125
0 0.33984375 0.412109375 0.01171875 0.021484375
0 0.3486328125 0.3984375 0.013671875 0.021484375
0 0.3427734375 0.3671875 0.01171875 0.01953125
0 0.3388671875 0.4697265625 0.015625 0.029296875
0 0.3603515625 0.46875 0.01953125 0.037109375
0 0.1259765625 0.83203125 0.048828125 0.087890625
0 0.84375 0.4287109375 0.009765625 0.01953125
0 0.7890625 0.6337890625 0.013671875 0.01953125
0 0.8232421875 0.6015625 0.017578125 0.025390625
0 0.7529296875 0.654296875 0.013671875 0.029296875
0 0.7470703125 0.693359375 0.015625 0.025390625
0 0.7373046875 0.720703125 0.015625 0.029296875
0 0.9140625 0.9501953125 0.013671875 0.01953125
0 0.900390625 0.94921875 0.01171875 0.0234375
0 0.908203125 0.9658203125 0.009765625 0.01953125
0 0.7294921875 0.5234375 0.017578125 0.021484375
0 0.69921875 0.5615234375 0.013671875 0.0234375
0 0.650390625 0.4482421875 0.01171875 0.025390625
0 0.5771484375 0.5185546875 0.009765625 0.01953125
0 0.3466796875 0.1181640625 0.021484375 0.03515625
0 0.3583984375 0.1171875 0.009765625 0.017578125
0 0.3779296875 0.1279296875 0.0078125 0.015625
0 0.37890625 0.0869140625 0.013671875 0.021484375
0 0.3916015625 0.169921875 0.013671875 0.025390625
0 0.39453125 0.1337890625 0.01171875 0.021484375
0 0.4052734375 0.2138671875 0.015625 0.025390625
0 0.443359375 0.251953125 0.009765625 0.015625
0 0.421875 0.2509765625 0.0234375 0.048828125
0 0.4677734375 0.1513671875 0.01953125 0.037109375
0 0.4541015625 0.1142578125 0.025390625 0.056640625
0 0.478515625 0.08203125 0.01953125 0.037109375
0 0.490234375 0.0634765625 0.013671875 0.029296875
0 0.49609375 0.05078125 0.013671875 0.0234375
0 0.5234375 0.03125 0.041015625 0.060546875
0 0.48828125 0.01171875 0.02734375 0.0234375
0 0.0693359375 0.216796875 0.013671875 0.029296875
0 0.0283203125 0.4091796875 0.009765625 0.015625
0 0.0439453125 0.83984375 0.015625 0.025390625