0 0.1005859375 0.4375 0.17578125 0.236328125
0 0.7939453125 0.5107421875 0.177734375 0.2421875
0 0.6728515625 0.9052734375 0.1171875 0.15625
0 0.2353515625 0.8505859375 0.041015625 0.0546875
0 0.818359375 0.740234375 0.056640625 0.072265625
0 0.9912109375 0.5751953125 0.017578125 0.068359375
0 0.994140625 0.69140625 0.01171875 0.0703125
0 0.44140625 0.0888671875 0.041015625 0.052734375
0 0.67578125 0.392578125 0.037109375 0.05078125
0 0.5830078125 0.3642578125 0.05078125 0.0703125
0 0.3154296875 0.4150390625 0.0546875 0.072265625
0 0.0576171875 0.65234375 0.037109375 0.046875
0 0.0859375 0.78125 0.029296875 0.044921875
0 0.2421875 0.927734375 0.041015625 0.0703125
0 0.4150390625 0.53125 0.0390625 0.044921875
0 0.306640625 0.625 0.029296875 0.044921875
0 0.435546875 0.08984375 0.041015625 0.05078125
0 0.6630859375 0.2255859375 0.03125 0.048828125
0 0.177734375 0.28125 0.154296875 0.216796875
0 0.4833984375 0.9794921875 0.044921875 0.041015625
0 0.0888671875 0.73828125 0.048828125 0.046875