0 0.12109375 0.625 0.1376953125 0.212890625
0 0.78125 0.435546875 0.1396484375 0.2177734375
0 0.5966796875 0.0751953125 0.091796875 0.1416015625
0 0.181640625 0.201171875 0.03125 0.048828125
0 0.765625 0.208984375 0.0458984375 0.0634765625
0 0.9794921875 0.3388671875 0.041015625 0.064453125
0 0.9609375 0.2236328125 0.033203125 0.0634765625
0 0.5107421875 0.904296875 0.033203125 0.046875
0 0.6865234375 0.5703125 0.029296875 0.044921875
0 0.6015625 0.61328125 0.0390625 0.0634765625
0 0.9423828125 0.96484375 0.0517578125 0.0703125
0 0.333984375 0.609375 0.044921875 0.064453125
0 0.0439453125 0.423828125 0.029296875 0.0419921875
0 0.0478515625 0.294921875 0.0205078125 0.041015625
0 0.17578125 0.1259765625 0.029296875 0.0654296875
0 0.4111328125 0.4814453125 0.033203125 0.0390625
0 0.2900390625 0.408203125 0.021484375 0.0400390625
0 0.505859375 0.9052734375 0.033203125 0.044921875
0 0.703125 0.734375 0.0244140625 0.0439453125
0 0.154296875 0.03125 0.03125 0.0390625
0 0.22265625 0.763671875 0.1201171875 0.1943359375
0 0.3994140625 0.025390625 0.037109375 0.05078125
0 0.05859375 0.3359375 0.041015625 0.0390625