0 0.1103515625 0.5908203125 0.16796875 0.236328125
0 0.8193359375 0.4658203125 0.169921875 0.2421875
0 0.6650390625 0.0791015625 0.109375 0.13671875
0 0.2197265625 0.15625 0.0390625 0.0546875
0 0.8271484375 0.2275390625 0.0546875 0.0703125
0 0.4853515625 0.92578125 0.041015625 0.052734375
0 0.7060546875 0.5966796875 0.03515625 0.048828125
0 0.61328125 0.6318359375 0.046875 0.0703125
0 0.333984375 0.5986328125 0.052734375 0.072265625
0 0.0517578125 0.373046875 0.03515625 0.046875
0 0.0712890625 0.2392578125 0.02734375 0.044921875
0 0.2216796875 0.076171875 0.037109375 0.0703125
0 0.4287109375 0.47265625 0.0390625 0.044921875
0 0.3095703125 0.3828125 0.02734375 0.044921875
0 0.48046875 0.9248046875 0.0390625 0.05078125
0 0.705078125 0.7685546875 0.029296875 0.048828125
0 0.201171875 0.74609375 0.146484375 0.216796875
0 0.4638671875 0.0126953125 0.041015625 0.025390625
0 0.076171875 0.2822265625 0.046875 0.044921875