0 0.5361328125 0.4638671875 0.607421875 0.7265625
0 0.083984375 0.4873046875 0.16796875 0.474609375
0 0.091796875 0.0810546875 0.18359375 0.138671875
0 0.640625 0.0458984375 0.025390625 0.033203125
0 0.791015625 0.84765625 0.048828125 0.05859375
0 0.6220703125 0.1875 0.08203125 0.09375
0 0.4970703125 0.0830078125 0.0546875 0.046875
0 0.3984375 0.0966796875 0.099609375 0.09765625
0 0.345703125 0.037109375 0.04296875 0.046875
0 0.3876953125 0.0400390625 0.025390625 0.033203125
0 0.3984375 0.01171875 0.029296875 0.017578125
0 0.86328125 0.15234375 0.03515625 0.0390625
0 0.8642578125 0.232421875 0.03515625 0.0390625
0 0.9033203125 0.2265625 0.02734375 0.03125
0 0.8779296875 0.263671875 0.01953125 0.0234375
0 0.8212890625 0.322265625 0.052734375 0.060546875
0 0.7861328125 0.23828125 0.0234375 0.025390625
0 0.0244140625 0.28515625 0.044921875 0.048828125
0 0.0693359375 0.263671875 0.025390625 0.02734375
0 0.107421875 0.2236328125 0.013671875 0.015625
0 0.2548828125 0.326171875 0.017578125 0.021484375
0 0.2158203125 0.064453125 0.017578125 0.01953125
0 0.7646484375 0.1923828125 0.0234375 0.029296875
0 0.7158203125 0.20703125 0.013671875 0.01953125
0 0.765625 0.2724609375 0.015625 0.01953125
0 0.796875 0.26953125 0.017578125 0.021484375
0 0.912109375 0.1015625 0.0234375 0.02734375
0 0.984375 0.1162109375 0.0078125 0.03125
0 0.90625 0.267578125 0.01953125 0.021484375
0 0.8876953125 0.3310546875 0.03125 0.033203125
0 0.85546875 0.3828125 0.029296875 0.033203125
0 0.9853515625 0.2998046875 0.015625 0.03125
0 0.91796875 0.296875 0.021484375 0.03125
0 0.5703125 0.09375 0.015625 0.015625
0 0.572265625 0.01953125 0.009765625 0.0078125
0 0.5712890625 0.037109375 0.01171875 0.01171875
0 0.220703125 0.5517578125 0.015625 0.017578125
0 0.22265625 0.61328125 0.01171875 0.01171875
0 0.236328125 0.6181640625 0.009765625 0.013671875
0 0.17578125 0.5947265625 0.013671875 0.015625
0 0.177734375 0.43359375 0.013671875 0.017578125
0 0.1455078125 0.7373046875 0.025390625 0.02734375
0 0.0302734375 0.7646484375 0.015625 0.01953125
0 0.0703125 0.8466796875 0.017578125 0.021484375
0 0.2041015625 0.8623046875 0.0234375 0.029296875
0 0.0498046875 0.986328125 0.015625 0.017578125
0 0.71875 0.802734375 0.10546875 0.138671875
0 0.5830078125 0.982421875 0.05078125 0.03125
0 0.66796875 0.9111328125 0.1015625 0.119140625
0 0.5556640625 0.9267578125 0.04296875 0.0390625
0 0.59765625 0.890625 0.03515625 0.044921875
0 0.576171875 0.830078125 0.068359375 0.072265625
0 0.3828125 0.75 0.013671875 0.01953125
0 0.341796875 0.921875 0.01953125 0.01953125
0 0.4208984375 0.9423828125 0.04296875 0.0546875
0 0.4111328125 0.9931640625 0.044921875 0.013671875
0 0.326171875 0.8798828125 0.013671875 0.01953125
0 0.775390625 0.921875 0.025390625 0.02734375
0 0.783203125 0.9677734375 0.025390625 0.025390625
0 0.7626953125 0.974609375 0.0234375 0.029296875
0 0.740234375 0.990234375 0.021484375 0.00390625
0 0.990234375 0.98046875 0.01953125 0.00390625
0 0.966796875 0.9814453125 0.01953125 0.005859375
0 0.888671875 0.978515625 0.025390625 0.015625
0 0.9189453125 0.9833984375 0.0234375 0.00390625
0 0.966796875 0.91796875 0.03515625 0.03515625
0 0.822265625 0.9453125 0.03515625 0.037109375
0 0.8544921875 0.796875 0.01953125 0.025390625
0 0.91796875 0.8515625 0.021484375 0.021484375
0 0.888671875 0.7001953125 0.017578125 0.01953125
0 0.75390625 0.5634765625 0.029296875 0.03125
0 0.775390625 0.7353515625 0.013671875 0.017578125
0 0.990234375 0.7138671875 0.01953125 0.021484375
0 0.955078125 0.5927734375 0.015625 0.01953125
0 0.9609375 0.6171875 0.017578125 0.017578125
0 0.9384765625 0.818359375 0.017578125 0.01953125
0 0.919921875 0.9140625 0.015625 0.021484375
0 0.984375 0.486328125 0.017578125 0.01953125
0 0.87890625 0.47265625 0.015625 0.01953125
0 0.8330078125 0.51171875 0.021484375 0.02734375
0 0.861328125 0.58984375 0.01953125 0.021484375
0 0.880859375 0.5498046875 0.021484375 0.025390625
0 0.853515625 0.5439453125 0.017578125 0.017578125
0 0.8642578125 0.4580078125 0.01171875 0.015625
0 0.8759765625 0.458984375 0.01171875 0.01171875
0 0.8486328125 0.47265625 0.01171875 0.013671875
0 0.9755859375 0.3642578125 0.01171875 0.017578125
0 0.92578125 0.43359375 0.0234375 0.02734375