0 0.5380859375 0.4775390625 0.552734375 0.6689453125
0 0.0908203125 0.48828125 0.181640625 0.443359375
0 0.1083984375 0.0810546875 0.216796875 0.162109375
0 0.0146484375 0.9228515625 0.029296875 0.04296875
0 0.650390625 0.0859375 0.021484375 0.0302734375
0 0.7666015625 0.8486328125 0.0439453125 0.0546875
0 0.62890625 0.2197265625 0.07421875 0.0859375
0 0.513671875 0.1162109375 0.0498046875 0.0439453125
0 0.419921875 0.126953125 0.091796875 0.0888671875
0 0.3720703125 0.068359375 0.0400390625 0.0419921875
0 0.412109375 0.072265625 0.0234375 0.03125
0 0.423828125 0.0400390625 0.02734375 0.0283203125
0 0.857421875 0.1943359375 0.03125 0.03515625
0 0.9853515625 0.2421875 0.0263671875 0.03515625
0 0.85546875 0.26953125 0.03125 0.0361328125
0 0.8935546875 0.265625 0.0244140625 0.0283203125
0 0.8671875 0.30078125 0.017578125 0.021484375
0 0.8125 0.353515625 0.046875 0.0546875
0 0.78125 0.2724609375 0.0224609375 0.0234375
0 0.0595703125 0.2919921875 0.041015625 0.0458984375
0 0.103515625 0.2734375 0.0234375 0.025390625
0 0.140625 0.236328125 0.0126953125 0.0146484375
0 0.275390625 0.337890625 0.0166015625 0.01953125
0 0.2490234375 0.08984375 0.015625 0.017578125
0 0.7626953125 0.2294921875 0.021484375 0.02734375
0 0.7158203125 0.2412109375 0.013671875 0.017578125
0 0.76171875 0.3046875 0.0146484375 0.017578125
0 0.791015625 0.302734375 0.0166015625 0.01953125
0 0.8876953125 0.021484375 0.04296875 0.0419921875
0 0.90625 0.1474609375 0.0224609375 0.0244140625
0 0.984375 0.166015625 0.025390625 0.0302734375
0 0.89453125 0.3046875 0.017578125 0.01953125
0 0.875 0.3642578125 0.0283203125 0.029296875
0 0.8427734375 0.412109375 0.0263671875 0.0322265625
0 0.974609375 0.337890625 0.025390625 0.0283203125
0 0.904296875 0.33203125 0.01953125 0.0283203125
0 0.58203125 0.12890625 0.0146484375 0.013671875
0 0.7783203125 0.0078125 0.015625 0.0146484375
0 0.5869140625 0.05859375 0.0078125 0.005859375
0 0.5849609375 0.076171875 0.009765625 0.0107421875
0 0.572265625 0.0234375 0.009765625 0.013671875
0 0.2373046875 0.55078125 0.0146484375 0.015625
0 0.236328125 0.6083984375 0.01171875 0.0107421875
0 0.2490234375 0.6142578125 0.0078125 0.0126953125
0 0.1923828125 0.5888671875 0.01171875 0.0146484375
0 0.201171875 0.4384765625 0.01171875 0.015625
0 0.16015625 0.72265625 0.0234375 0.025390625
0 0.0498046875 0.74609375 0.0146484375 0.0185546875
0 0.0849609375 0.82421875 0.0166015625 0.01953125
0 0.2109375 0.84375 0.0205078125 0.02734375
0 0.060546875 0.9912109375 0.0322265625 0.017578125
0 0.013671875 0.9775390625 0.0166015625 0.017578125
0 0.060546875 0.9560546875 0.013671875 0.0166015625
0 0.69921875 0.8046875 0.0966796875 0.1279296875
0 0.56640625 0.978515625 0.046875 0.04296875
0 0.6474609375 0.9052734375 0.091796875 0.109375
0 0.541015625 0.9169921875 0.0390625 0.03515625
0 0.58203125 0.8828125 0.03125 0.041015625
0 0.5634765625 0.8251953125 0.0625 0.06640625
0 0.3828125 0.744140625 0.01171875 0.0185546875
0 0.3388671875 0.904296875 0.017578125 0.017578125
0 0.4130859375 0.9267578125 0.0390625 0.0498046875
0 0.40234375 0.9853515625 0.0419921875 0.0283203125
0 0.326171875 0.865234375 0.0126953125 0.017578125
0 0.75 0.9189453125 0.0234375 0.0244140625
0 0.7548828125 0.962890625 0.0234375 0.0234375
0 0.7353515625 0.9677734375 0.021484375 0.02734375
0 0.712890625 0.990234375 0.01953125 0.01953125
0 0.98046875 0.94921875 0.0380859375 0.0615234375
0 0.9521484375 0.990234375 0.0205078125 0.01953125
0 0.9296875 0.9892578125 0.0185546875 0.0205078125
0 0.85546875 0.9833984375 0.0234375 0.0234375
0 0.8828125 0.990234375 0.021484375 0.0185546875
0 0.9306640625 0.921875 0.0322265625 0.0322265625
0 0.7919921875 0.9423828125 0.03125 0.033203125
0 0.8271484375 0.802734375 0.017578125 0.0234375
0 0.8857421875 0.857421875 0.0205078125 0.0205078125
0 0.8642578125 0.712890625 0.0166015625 0.017578125
0 0.7412109375 0.5791015625 0.0263671875 0.029296875
0 0.7548828125 0.7431640625 0.0126953125 0.0166015625
0 0.9599609375 0.7294921875 0.017578125 0.0205078125
0 0.9814453125 0.744140625 0.0205078125 0.0283203125
0 0.9296875 0.61328125 0.0146484375 0.017578125
0 0.9345703125 0.63671875 0.015625 0.0166015625
0 0.90625 0.826171875 0.015625 0.017578125
0 0.88671875 0.9169921875 0.013671875 0.01953125
0 0.9609375 0.513671875 0.015625 0.0185546875
0 0.8623046875 0.498046875 0.013671875 0.017578125
0 0.81640625 0.533203125 0.01953125 0.025390625
0 0.841796875 0.6083984375 0.0185546875 0.01953125
0 0.861328125 0.5712890625 0.01953125 0.0244140625
0 0.8349609375 0.564453125 0.015625 0.0166015625
0 0.8486328125 0.4833984375 0.009765625 0.013671875
0 0.859375 0.484375 0.009765625 0.01171875
0 0.833984375 0.49609375 0.0107421875 0.0126953125
0 0.95703125 0.3984375 0.01171875 0.015625
0 0.9072265625 0.4619140625 0.021484375 0.025390625
0 0.9951171875 0.587890625 0.009765625 0.0224609375