0 0.4501953125 0.5166015625 0.578125 0.69921875
0 0.9111328125 0.5068359375 0.177734375 0.462890625
0 0.8935546875 0.9228515625 0.212890625 0.154296875
0 0.9921875 0.0537109375 0.015625 0.044921875
0 0.3330078125 0.9248046875 0.0234375 0.03125
0 0.2119140625 0.12890625 0.046875 0.056640625
0 0.35546875 0.78515625 0.078125 0.08984375
0 0.4755859375 0.892578125 0.052734375 0.046875
0 0.57421875 0.8818359375 0.095703125 0.09375
0 0.6240234375 0.943359375 0.041015625 0.04296875
0 0.58203125 0.939453125 0.0234375 0.033203125
0 0.5703125 0.97265625 0.02734375 0.03125
0 0.1162109375 0.8115234375 0.033203125 0.03515625
0 0.1181640625 0.7333984375 0.033203125 0.037109375
0 0.0791015625 0.7373046875 0.02734375 0.03125
0 0.1064453125 0.701171875 0.01953125 0.0234375
0 0.1640625 0.6455078125 0.048828125 0.05859375
0 0.1962890625 0.73046875 0.0234375 0.0234375
0 0.9501953125 0.7099609375 0.04296875 0.046875
0 0.9052734375 0.7294921875 0.0234375 0.02734375
0 0.8662109375 0.767578125 0.013671875 0.015625
0 0.724609375 0.662109375 0.017578125 0.01953125
0 0.7529296875 0.9208984375 0.015625 0.01953125
0 0.21484375 0.775390625 0.0234375 0.02734375
0 0.2646484375 0.7626953125 0.013671875 0.01953125
0 0.216796875 0.6962890625 0.015625 0.01953125
0 0.185546875 0.6982421875 0.017578125 0.01953125
0 0.0859375 0.9853515625 0.044921875 0.029296875
0 0.0654296875 0.8603515625 0.0234375 0.02734375
0 0.078125 0.6962890625 0.01953125 0.01953125
0 0.0986328125 0.634765625 0.029296875 0.03125
0 0.1318359375 0.583984375 0.02734375 0.033203125
0 0.00390625 0.6630859375 0.0078125 0.03125
0 0.0673828125 0.66796875 0.01953125 0.029296875
0 0.404296875 0.8798828125 0.015625 0.015625
0 0.3994140625 0.953125 0.0078125 0.0078125
0 0.4013671875 0.935546875 0.01171875 0.01171875
0 0.4150390625 0.990234375 0.01171875 0.015625
0 0.7646484375 0.439453125 0.015625 0.015625
0 0.765625 0.37890625 0.01171875 0.01171875
0 0.751953125 0.373046875 0.0078125 0.013671875
0 0.8115234375 0.3994140625 0.01171875 0.015625
0 0.802734375 0.556640625 0.01171875 0.015625
0 0.845703125 0.259765625 0.0234375 0.02734375
0 0.9609375 0.236328125 0.015625 0.01953125
0 0.923828125 0.154296875 0.017578125 0.01953125
0 0.7919921875 0.134765625 0.021484375 0.02734375
0 0.94921875 0.0166015625 0.015625 0.015625
0 0.28125 0.1748046875 0.1015625 0.1328125
0 0.4208984375 0.0087890625 0.048828125 0.017578125
0 0.3359375 0.0693359375 0.09765625 0.11328125
0 0.447265625 0.0576171875 0.041015625 0.03515625
0 0.404296875 0.0927734375 0.03125 0.04296875
0 0.4228515625 0.1533203125 0.06640625 0.0703125
0 0.6123046875 0.23828125 0.01171875 0.01953125
0 0.658203125 0.0703125 0.01953125 0.01953125
0 0.5810546875 0.0478515625 0.041015625 0.05078125
0 0.671875 0.111328125 0.01171875 0.017578125
0 0.2294921875 0.0556640625 0.0234375 0.025390625
0 0.224609375 0.01171875 0.025390625 0.0234375
0 0.244140625 0.009765625 0.021484375 0.01953125
0 0.0400390625 0.052734375 0.03515625 0.03515625
0 0.1845703125 0.0302734375 0.03125 0.03515625
0 0.1474609375 0.1767578125 0.01953125 0.0234375
0 0.0869140625 0.1201171875 0.021484375 0.021484375
0 0.109375 0.2705078125 0.015625 0.01953125
0 0.23828125 0.41015625 0.02734375 0.03125
0 0.2236328125 0.2392578125 0.013671875 0.017578125
0 0.009765625 0.2548828125 0.01953125 0.01953125
0 0.041015625 0.3740234375 0.015625 0.01953125
0 0.03515625 0.349609375 0.015625 0.015625
0 0.0654296875 0.15234375 0.015625 0.01953125
0 0.0859375 0.0576171875 0.015625 0.01953125
0 0.0078125 0.478515625 0.015625 0.01953125
0 0.111328125 0.4951171875 0.015625 0.01953125
0 0.1591796875 0.4580078125 0.01953125 0.02734375
0 0.1328125 0.3798828125 0.01953125 0.01953125
0 0.1123046875 0.4189453125 0.01953125 0.025390625
0 0.1396484375 0.42578125 0.015625 0.017578125
0 0.1259765625 0.509765625 0.01171875 0.015625
0 0.1142578125 0.5087890625 0.009765625 0.01171875
0 0.1416015625 0.4970703125 0.01171875 0.013671875
0 0.0126953125 0.5986328125 0.01171875 0.015625
0 0.064453125 0.5322265625 0.021484375 0.02734375