0 0.3759765625 0.3232421875 0.19921875 0.3359375
0 0.376953125 0.18359375 0.029296875 0.046875
0 0.4482421875 0.4541015625 0.02734375 0.046875
0 0.2529296875 0.53125 0.04296875 0.064453125
0 0.11328125 0.72265625 0.03125 0.05859375
0 0.7939453125 0.587890625 0.23046875 0.41015625
0 0.8017578125 0.423828125 0.02734375 0.0390625
0 0.9248046875 0.126953125 0.052734375 0.0859375
0 0.6943359375 0.9453125 0.068359375 0.083984375
0 0.0625 0.9501953125 0.048828125 0.08984375
0 0.3037109375 0.94921875 0.025390625 0.048828125
0 0.029296875 0.77734375 0.015625 0.037109375
0 0.36328125 0.6494140625 0.02734375 0.041015625
0 0.4013671875 0.6591796875 0.0234375 0.041015625
0 0.3974609375 0.80078125 0.03515625 0.060546875
0 0.458984375 0.724609375 0.033203125 0.0546875
0 0.2568359375 0.775390625 0.046875 0.0859375
0 0.296875 0.755859375 0.025390625 0.04296875
0 0.3203125 0.7041015625 0.072265625 0.1640625
0 0.34375 0.6376953125 0.005859375 0.01171875
0 0.2333984375 0.62109375 0.009765625 0.017578125
0 0.244140625 0.623046875 0.015625 0.029296875
0 0.25 0.8896484375 0.01953125 0.03125
0 0.22265625 0.85546875 0.0234375 0.0390625
0 0.2548828125 0.8466796875 0.009765625 0.017578125
0 0.16015625 0.7412109375 0.046875 0.064453125
0 0.12890625 0.767578125 0.009765625 0.017578125
0 0.1640625 0.9853515625 0.009765625 0.015625
0 0.1044921875 0.966796875 0.009765625 0.015625
0 0.1318359375 0.9638671875 0.0078125 0.013671875
0 0.13671875 0.984375 0.009765625 0.01953125
0 0.0908203125 0.89453125 0.009765625 0.013671875
0 0.1259765625 0.3837890625 0.01171875 0.01953125
0 0.142578125 0.5439453125 0.013671875 0.0234375
0 0.1669921875 0.4365234375 0.01171875 0.021484375
0 0.189453125 0.4365234375 0.013671875 0.0234375
0 0.17578125 0.505859375 0.01953125 0.033203125
0 0.162109375 0.5029296875 0.015625 0.025390625
0 0.193359375 0.560546875 0.009765625 0.015625
0 0.2392578125 0.396484375 0.029296875 0.046875
0 0.2158203125 0.404296875 0.0234375 0.041015625
0 0.171875 0.388671875 0.021484375 0.0390625
0 0.1572265625 0.373046875 0.005859375 0.009765625
0 0.2373046875 0.349609375 0.029296875 0.04296875
0 0.279296875 0.4130859375 0.0078125 0.015625
0 0.2822265625 0.42578125 0.009765625 0.013671875
0 0.0830078125 0.2626953125 0.01171875 0.015625
0 0.2646484375 0.2578125 0.01171875 0.015625
0 0.2138671875 0.279296875 0.009765625 0.013671875
0 0.1669921875 0.2119140625 0.0859375 0.201171875
0 0.150390625 0.1396484375 0.013671875 0.0234375
0 0.1181640625 0.1513671875 0.017578125 0.03125
0 0.130859375 0.095703125 0.021484375 0.03515625
0 0.2568359375 0.0927734375 0.01953125 0.033203125
0 0.2119140625 0.1640625 0.015625 0.02734375
0 0.24609375 0.1767578125 0.01171875 0.017578125
0 0.2353515625 0.1630859375 0.013671875 0.021484375
0 0.2060546875 0.1171875 0.009765625 0.015625
0 0.2041015625 0.0986328125 0.013671875 0.021484375
0 0.2763671875 0.1220703125 0.015625 0.025390625
0 0.296875 0.51171875 0.017578125 0.03125
0 0.3134765625 0.5185546875 0.009765625 0.017578125
0 0.318359375 0.5068359375 0.009765625 0.017578125
0 0.1796875 0.6708984375 0.01171875 0.01953125
0 0.2451171875 0.9912109375 0.0078125 0.01171875
0 0.16796875 0.587890625 0.01171875 0.01953125
0 0.44140625 0.8828125 0.01171875 0.015625
0 0.435546875 0.9365234375 0.0078125 0.013671875
0 0.4404296875 0.9384765625 0.0078125 0.013671875
0 0.55859375 0.88671875 0.017578125 0.029296875
0 0.57421875 0.8525390625 0.015625 0.02734375
0 0.5908203125 0.9599609375 0.01953125 0.03125
0 0.5869140625 0.5771484375 0.013671875 0.0234375
0 0.6201171875 0.6142578125 0.009765625 0.015625
0 0.5439453125 0.4716796875 0.01171875 0.0234375
0 0.47265625 0.416015625 0.02734375 0.044921875
0 0.580078125 0.376953125 0.03515625 0.068359375
0 0.6142578125 0.439453125 0.052734375 0.095703125
0 0.578125 0.47265625 0.01171875 0.021484375
0 0.5712890625 0.521484375 0.01171875 0.021484375
0 0.5595703125 0.5615234375 0.009765625 0.017578125
0 0.56640625 0.8203125 0.009765625 0.013671875
0 0.5546875 0.8642578125 0.009765625 0.013671875
0 0.6318359375 0.7880859375 0.009765625 0.015625
0 0.6826171875 0.85546875 0.0078125 0.013671875
0 0.7490234375 0.8349609375 0.0078125 0.013671875
0 0.7646484375 0.9619140625 0.02734375 0.03515625
0 0.7685546875 0.9755859375 0.009765625 0.005859375
0 0.7744140625 0.916015625 0.0078125 0.013671875
0 0.861328125 0.8720703125 0.0078125 0.013671875
0 0.8095703125 0.841796875 0.0078125 0.013671875
0 0.7763671875 0.8603515625 0.005859375 0.009765625
0 0.779296875 0.8056640625 0.005859375 0.01171875
0 0.861328125 0.791015625 0.017578125 0.02734375
0 0.8642578125 0.830078125 0.02734375 0.041015625
0 0.8896484375 0.798828125 0.015625 0.0234375
0 0.955078125 0.767578125 0.025390625 0.041015625
0 0.95703125 0.888671875 0.021484375 0.033203125
0 0.9140625 0.94921875 0.01171875 0.021484375
0 0.9599609375 0.927734375 0.0078125 0.015625
0 0.34765625 0.0341796875 0.033203125 0.046875
0 0.5634765625 0.072265625 0.029296875 0.0546875
0 0.8916015625 0.03125 0.044921875 0.0625
0 0.83203125 0.0400390625 0.017578125 0.03125
0 0.9248046875 0.3115234375 0.01953125 0.03515625
0 0.6943359375 0.2001953125 0.01953125 0.033203125
0 0.830078125 0.7021484375 0.025390625 0.04296875
0 0.888671875 0.7314453125 0.017578125 0.029296875
0 0.8896484375 0.517578125 0.017578125 0.029296875
0 0.865234375 0.5029296875 0.015625 0.0234375
0 0.9013671875 0.53515625 0.013671875 0.021484375
0 0.9150390625 0.44140625 0.029296875 0.0546875