0 0.40234375 0.6904296875 0.16796875 0.3154296875
0 0.416015625 0.8271484375 0.0244140625 0.0439453125
0 0.4619140625 0.556640625 0.021484375 0.044921875
0 0.265625 0.498046875 0.0361328125 0.060546875
0 0.11328125 0.322265625 0.0263671875 0.0546875
0 0.7880859375 0.396484375 0.193359375 0.3857421875
0 0.810546875 0.556640625 0.0234375 0.037109375
0 0.955078125 0.8349609375 0.044921875 0.080078125
0 0.66015625 0.0478515625 0.0615234375 0.0927734375
0 0.0439453125 0.10546875 0.041015625 0.0849609375
0 0.279296875 0.0849609375 0.0205078125 0.046875
0 0.0224609375 0.2763671875 0.01953125 0.037109375
0 0.36328125 0.3740234375 0.0224609375 0.0390625
0 0.3994140625 0.3603515625 0.01953125 0.0390625
0 0.3837890625 0.22265625 0.029296875 0.056640625
0 0.4501953125 0.29296875 0.029296875 0.0517578125
0 0.248046875 0.259765625 0.0390625 0.0810546875
0 0.2890625 0.275390625 0.021484375 0.041015625
0 0.3154296875 0.32421875 0.05859375 0.15625
0 0.3447265625 0.3876953125 0.005859375 0.0107421875
0 0.23828125 0.412109375 0.0087890625 0.017578125
0 0.248046875 0.408203125 0.0126953125 0.0263671875
0 0.2314453125 0.1494140625 0.0166015625 0.029296875
0 0.20703125 0.1845703125 0.01953125 0.037109375
0 0.2412109375 0.1904296875 0.0087890625 0.0166015625
0 0.1572265625 0.30078125 0.0400390625 0.0595703125
0 0.125 0.27734375 0.0087890625 0.0166015625
0 0.185546875 0.033203125 0.013671875 0.0263671875
0 0.1396484375 0.0634765625 0.0087890625 0.0146484375
0 0.083984375 0.0859375 0.0078125 0.015625
0 0.1103515625 0.0859375 0.005859375 0.013671875
0 0.11328125 0.0654296875 0.0087890625 0.0185546875
0 0.076171875 0.1572265625 0.0087890625 0.013671875
0 0.154296875 0.6533203125 0.0107421875 0.01953125
0 0.15625 0.4951171875 0.01171875 0.0224609375
0 0.1904296875 0.59765625 0.0107421875 0.01953125
0 0.2119140625 0.595703125 0.01171875 0.0224609375
0 0.1923828125 0.529296875 0.017578125 0.0322265625
0 0.1787109375 0.533203125 0.0126953125 0.0244140625
0 0.205078125 0.474609375 0.0068359375 0.015625
0 0.263671875 0.630859375 0.0263671875 0.0439453125
0 0.240234375 0.625 0.0185546875 0.0390625
0 0.1982421875 0.64453125 0.017578125 0.0361328125
0 0.185546875 0.6611328125 0.005859375 0.009765625
0 0.265625 0.6767578125 0.025390625 0.041015625
0 0.30078125 0.6103515625 0.0068359375 0.013671875
0 0.302734375 0.5986328125 0.0078125 0.01171875
0 0.123046875 0.7744140625 0.009765625 0.015625
0 0.30078125 0.763671875 0.0087890625 0.015625
0 0.2490234375 0.7470703125 0.0078125 0.013671875
0 0.208984375 0.818359375 0.06640625 0.19140625
0 0.19921875 0.8896484375 0.0126953125 0.021484375
0 0.1669921875 0.880859375 0.0146484375 0.029296875
0 0.18359375 0.93359375 0.01953125 0.0322265625
0 0.306640625 0.92578125 0.017578125 0.03125
0 0.2568359375 0.859375 0.0126953125 0.025390625
0 0.2890625 0.84375 0.009765625 0.0166015625
0 0.279296875 0.8583984375 0.01171875 0.01953125
0 0.25390625 0.90625 0.0087890625 0.015625
0 0.2548828125 0.9248046875 0.0107421875 0.01953125
0 0.3232421875 0.89453125 0.013671875 0.0244140625
0 0.3095703125 0.5126953125 0.0146484375 0.029296875
0 0.3251953125 0.505859375 0.0078125 0.017578125
0 0.3310546875 0.515625 0.0087890625 0.0166015625
0 0.181640625 0.3681640625 0.009765625 0.0185546875
0 0.2177734375 0.0498046875 0.005859375 0.01171875
0 0.177734375 0.4501953125 0.009765625 0.01953125
0 0.4189453125 0.1396484375 0.0107421875 0.015625
0 0.408203125 0.0869140625 0.005859375 0.0126953125
0 0.4140625 0.0849609375 0.0068359375 0.0126953125
0 0.5322265625 0.125 0.015625 0.0263671875
0 0.55078125 0.1572265625 0.013671875 0.0263671875
0 0.55859375 0.05078125 0.015625 0.0283203125
0 0.5869140625 0.4248046875 0.01171875 0.021484375
0 0.6162109375 0.3857421875 0.0078125 0.015625
0 0.5537109375 0.53125 0.0107421875 0.021484375
0 0.4892578125 0.591796875 0.0224609375 0.04296875
0 0.59765625 0.62109375 0.0302734375 0.064453125
0 0.6259765625 0.5576171875 0.0439453125 0.08984375
0 0.5869140625 0.52734375 0.0087890625 0.0205078125
0 0.5771484375 0.4814453125 0.0107421875 0.0205078125
0 0.5615234375 0.4423828125 0.0087890625 0.0166015625
0 0.546875 0.1884765625 0.0078125 0.013671875
0 0.5302734375 0.1474609375 0.0078125 0.0126953125
0 0.61328125 0.21484375 0.0078125 0.0146484375
0 0.6572265625 0.14453125 0.0068359375 0.0126953125
0 0.7236328125 0.16015625 0.005859375 0.01171875
0 0.728515625 0.0322265625 0.0244140625 0.03515625
0 0.7314453125 0.0166015625 0.0087890625 0.0126953125
0 0.7412109375 0.078125 0.005859375 0.0126953125
0 0.8291015625 0.11328125 0.005859375 0.0126953125
0 0.78125 0.1484375 0.0068359375 0.0126953125
0 0.748046875 0.1318359375 0.0048828125 0.0087890625
0 0.755859375 0.185546875 0.005859375 0.0107421875
0 0.8369140625 0.193359375 0.015625 0.0244140625
0 0.8359375 0.154296875 0.0234375 0.0390625
0 0.8642578125 0.1826171875 0.0146484375 0.0224609375
0 0.9296875 0.20703125 0.0224609375 0.0380859375
0 0.9228515625 0.08984375 0.0185546875 0.0322265625
0 0.8740234375 0.0341796875 0.009765625 0.0205078125
0 0.9208984375 0.0517578125 0.0068359375 0.0146484375
0 0.400390625 0.9765625 0.029296875 0.0458984375
0 0.6083984375 0.919921875 0.025390625 0.05078125
0 0.931640625 0.9375 0.0380859375 0.072265625
0 0.8720703125 0.9287109375 0.015625 0.0283203125
0 0.939453125 0.6552734375 0.0166015625 0.0341796875
0 0.7236328125 0.783203125 0.015625 0.0302734375
0 0.814453125 0.28125 0.021484375 0.0400390625
0 0.869140625 0.248046875 0.015625 0.02734375
0 0.8876953125 0.45703125 0.015625 0.0283203125
0 0.8642578125 0.47265625 0.0126953125 0.021484375
0 0.8974609375 0.439453125 0.01171875 0.01953125
0 0.9189453125 0.529296875 0.0234375 0.0517578125