0 0.5654296875 0.287109375 0.109375 0.25390625
0 0.61328125 0.3310546875 0.009765625 0.025390625
0 0.5283203125 0.015625 0.033203125 0.03125
0 0.6025390625 0.0869140625 0.015625 0.03125
0 0.4453125 0.2841796875 0.0078125 0.015625
0 0.5869140625 0.0302734375 0.013671875 0.02734375
0 0.5830078125 0.064453125 0.0078125 0.015625
0 0.5625 0.103515625 0.005859375 0.013671875
0 0.54296875 0.5234375 0.0078125 0.01171875
0 0.5927734375 0.537109375 0.005859375 0.01171875
0 0.9521484375 0.201171875 0.03515625 0.06640625
0 0.7587890625 0.3505859375 0.044921875 0.08984375
0 0.265625 0.794921875 0.0390625 0.076171875
0 0.76171875 0.7919921875 0.1796875 0.3828125
0 0.6904296875 0.7919921875 0.03125 0.05859375
0 0.60546875 0.9765625 0.033203125 0.046875
0 0.380859375 0.92578125 0.0234375 0.0390625
0 0.09765625 0.1865234375 0.03515625 0.064453125
0 0.154296875 0.2177734375 0.01171875 0.021484375
0 0.15625 0.189453125 0.0078125 0.01953125
0 0.1474609375 0.1611328125 0.01171875 0.01953125
0 0.140625 0.146484375 0.0078125 0.017578125
0 0.310546875 0.0888671875 0.0234375 0.04296875
0 0.29296875 0.1435546875 0.01171875 0.021484375
0 0.30078125 0.1494140625 0.0078125 0.015625
0 0.2744140625 0.2021484375 0.0078125 0.015625
0 0.28125 0.23046875 0.0078125 0.01953125
0 0.29296875 0.232421875 0.0078125 0.015625
0 0.333984375 0.306640625 0.01171875 0.01953125
0 0.3603515625 0.283203125 0.01171875 0.01953125
0 0.365234375 0.2861328125 0.005859375 0.009765625
0 0.30859375 0.626953125 0.01171875 0.025390625
0 0.3408203125 0.6025390625 0.0078125 0.015625
0 0.3662109375 0.578125 0.015625 0.0234375
0 0.3037109375 0.6796875 0.009765625 0.017578125
0 0.3935546875 0.7958984375 0.01171875 0.01953125
0 0.3212890625 0.845703125 0.009765625 0.015625
0 0.3427734375 0.841796875 0.0078125 0.013671875
0 0.2041015625 0.638671875 0.015625 0.02734375
0 0.2412109375 0.646484375 0.0078125 0.015625
0 0.2705078125 0.439453125 0.01171875 0.01953125
0 0.2177734375 0.494140625 0.005859375 0.01171875
0 0.2333984375 0.4638671875 0.0078125 0.015625
0 0.19921875 0.2529296875 0.009765625 0.0234375
0 0.2177734375 0.0546875 0.009765625 0.021484375
0 0.17578125 0.140625 0.0078125 0.015625
0 0.248046875 0.1025390625 0.0078125 0.01171875
0 0.294921875 0.53125 0.01171875 0.01953125
0 0.3359375 0.568359375 0.015625 0.02734375
0 0.3330078125 0.552734375 0.009765625 0.017578125
0 0.71484375 0.1796875 0.0234375 0.041015625
0 0.705078125 0.216796875 0.01953125 0.03515625
0 0.724609375 0.169921875 0.0078125 0.017578125
0 0.7666015625 0.240234375 0.01171875 0.017578125
0 0.833984375 0.31640625 0.01171875 0.01953125
0 0.060546875 0.8681640625 0.015625 0.029296875
0 0.1337890625 0.8759765625 0.013671875 0.02734375
0 0.0654296875 0.7314453125 0.064453125 0.125
0 0.09375 0.7099609375 0.01171875 0.01953125
0 0.103515625 0.76171875 0.009765625 0.01953125
0 0.09765625 0.75 0.009765625 0.017578125
0 0.1630859375 0.7587890625 0.015625 0.029296875
0 0.009765625 0.73046875 0.015625 0.0234375
0 0.142578125 0.591796875 0.009765625 0.017578125
0 0.146484375 0.677734375 0.01171875 0.021484375
0 0.2314453125 0.9619140625 0.015625 0.03125
0 0.2744140625 0.865234375 0.0078125 0.01953125
0 0.1142578125 0.9169921875 0.009765625 0.017578125
0 0.150390625 0.982421875 0.0078125 0.015625
0 0.1669921875 0.9423828125 0.0078125 0.01171875
0 0.2529296875 0.9775390625 0.005859375 0.015625
0 0.0927734375 0.9814453125 0.0078125 0.013671875
0 0.0576171875 0.931640625 0.0078125 0.01953125
0 0.0029296875 0.9375 0.005859375 0.015625
0 0.009765625 0.9912109375 0.01171875 0.017578125
0 0.0849609375 0.8818359375 0.015625 0.0234375
0 0.04296875 0.8203125 0.009765625 0.017578125
0 0.2138671875 0.7392578125 0.009765625 0.015625
0 0.296875 0.9912109375 0.015625 0.017578125
0 0.251953125 0.6923828125 0.015625 0.0234375
0 0.1357421875 0.474609375 0.009765625 0.015625
0 0.162109375 0.5419921875 0.0078125 0.017578125
0 0.26171875 0.5263671875 0.01953125 0.0390625
0 0.2431640625 0.560546875 0.01171875 0.015625
0 0.2421875 0.5400390625 0.015625 0.0234375
0 0.591796875 0.5849609375 0.02734375 0.046875
0 0.486328125 0.78515625 0.01171875 0.021484375
0 0.599609375 0.8466796875 0.01171875 0.0234375
0 0.591796875 0.833984375 0.01171875 0.017578125
0 0.5947265625 0.8193359375 0.0078125 0.015625
0 0.544921875 0.8916015625 0.01171875 0.01953125
0 0.552734375 0.96484375 0.009765625 0.021484375
0 0.421875 0.8896484375 0.01171875 0.021484375
0 0.3818359375 0.048828125 0.01171875 0.0234375
0 0.4072265625 0.03125 0.01171875 0.01953125
0 0.400390625 0.1884765625 0.0078125 0.015625
0 0.435546875 0.19140625 0.0078125 0.01171875