0 0.4384765625 0.716796875 0.1044921875 0.2421875
0 0.3935546875 0.673828125 0.0087890625 0.0234375
0 0.4755859375 0.98046875 0.03125 0.0380859375
0 0.4033203125 0.9072265625 0.013671875 0.0302734375
0 0.552734375 0.71875 0.0078125 0.015625
0 0.41796875 0.9609375 0.0126953125 0.025390625
0 0.421875 0.9287109375 0.0078125 0.0146484375
0 0.4404296875 0.8916015625 0.0048828125 0.0126953125
0 0.4599609375 0.4912109375 0.005859375 0.0107421875
0 0.412109375 0.4775390625 0.0048828125 0.01171875
0 0.0693359375 0.7978515625 0.0341796875 0.064453125
0 0.25390625 0.65625 0.04296875 0.0859375
0 0.724609375 0.232421875 0.0380859375 0.072265625
0 0.251953125 0.2353515625 0.171875 0.3642578125
0 0.3193359375 0.2353515625 0.0302734375 0.056640625
0 0.400390625 0.0439453125 0.0322265625 0.0732421875
0 0.615234375 0.107421875 0.021484375 0.037109375
0 0.884765625 0.8125 0.0322265625 0.0615234375
0 0.830078125 0.7822265625 0.0107421875 0.0205078125
0 0.8291015625 0.80859375 0.0078125 0.01953125
0 0.837890625 0.8359375 0.0107421875 0.01953125
0 0.84375 0.849609375 0.0078125 0.0166015625
0 0.681640625 0.9052734375 0.0224609375 0.0400390625
0 0.6982421875 0.853515625 0.0107421875 0.0205078125
0 0.69140625 0.84765625 0.0078125 0.013671875
0 0.7158203125 0.7978515625 0.0078125 0.015625
0 0.7099609375 0.76953125 0.0087890625 0.017578125
0 0.6982421875 0.7685546875 0.0068359375 0.0146484375
0 0.6591796875 0.697265625 0.0107421875 0.01953125
0 0.634765625 0.7197265625 0.01171875 0.0185546875
0 0.6298828125 0.716796875 0.0048828125 0.0087890625
0 0.68359375 0.392578125 0.0126953125 0.0234375
0 0.65234375 0.416015625 0.0078125 0.013671875
0 0.62890625 0.4384765625 0.013671875 0.021484375
0 0.6875 0.341796875 0.0087890625 0.0166015625
0 0.6025390625 0.2314453125 0.01171875 0.01953125
0 0.671875 0.18359375 0.0087890625 0.013671875
0 0.6513671875 0.1884765625 0.0078125 0.0126953125
0 0.783203125 0.380859375 0.0166015625 0.02734375
0 0.748046875 0.3740234375 0.0078125 0.015625
0 0.7197265625 0.5712890625 0.01171875 0.01953125
0 0.7705078125 0.51953125 0.005859375 0.009765625
0 0.755859375 0.5478515625 0.0068359375 0.0146484375
0 0.787109375 0.7490234375 0.009765625 0.021484375
0 0.7705078125 0.9375 0.0087890625 0.0205078125
0 0.810546875 0.8564453125 0.0078125 0.015625
0 0.7412109375 0.8916015625 0.005859375 0.01171875
0 0.6962890625 0.484375 0.009765625 0.017578125
0 0.6572265625 0.4482421875 0.0146484375 0.0263671875
0 0.66015625 0.462890625 0.009765625 0.0166015625
0 0.2958984375 0.818359375 0.021484375 0.0390625
0 0.3046875 0.7841796875 0.0185546875 0.0322265625
0 0.287109375 0.828125 0.0068359375 0.0166015625
0 0.24609375 0.7607421875 0.0107421875 0.0166015625
0 0.1826171875 0.6875 0.01171875 0.01953125
0 0.919921875 0.1630859375 0.013671875 0.02734375
0 0.8505859375 0.1552734375 0.0126953125 0.0244140625
0 0.916015625 0.29296875 0.0615234375 0.119140625
0 0.888671875 0.3134765625 0.0107421875 0.01953125
0 0.87890625 0.2646484375 0.009765625 0.01953125
0 0.884765625 0.2744140625 0.0087890625 0.0166015625
0 0.822265625 0.2666015625 0.015625 0.0283203125
0 0.9677734375 0.2939453125 0.013671875 0.0224609375
0 0.841796875 0.42578125 0.0087890625 0.017578125
0 0.837890625 0.3447265625 0.0107421875 0.0205078125
0 0.8935546875 0.0224609375 0.009765625 0.0185546875
0 0.7568359375 0.0732421875 0.015625 0.0283203125
0 0.7158203125 0.1650390625 0.0087890625 0.0185546875
0 0.869140625 0.1162109375 0.0087890625 0.017578125
0 0.833984375 0.0537109375 0.0078125 0.013671875
0 0.818359375 0.091796875 0.0068359375 0.0107421875
0 0.771484375 0.005859375 0.009765625 0.01171875
0 0.7373046875 0.05859375 0.005859375 0.013671875
0 0.8896484375 0.0546875 0.0068359375 0.0126953125
0 0.9228515625 0.1025390625 0.0078125 0.017578125
0 0.9755859375 0.0966796875 0.0068359375 0.0146484375
0 0.9697265625 0.0439453125 0.01171875 0.021484375
0 0.896484375 0.1494140625 0.013671875 0.0234375
0 0.9375 0.2080078125 0.0087890625 0.0166015625
0 0.7734375 0.28515625 0.0087890625 0.015625
0 0.6904296875 0.0224609375 0.017578125 0.029296875
0 0.6962890625 0.041015625 0.015625 0.02734375
0 0.7373046875 0.330078125 0.0146484375 0.0234375
0 0.8486328125 0.537109375 0.0087890625 0.015625
0 0.8232421875 0.4736328125 0.0087890625 0.0166015625
0 0.728515625 0.48828125 0.01953125 0.0380859375
0 0.74609375 0.4560546875 0.009765625 0.015625
0 0.7470703125 0.474609375 0.0146484375 0.021484375
0 0.4140625 0.4326171875 0.025390625 0.044921875
0 0.5146484375 0.2412109375 0.0107421875 0.0205078125
0 0.40625 0.18359375 0.0126953125 0.021484375
0 0.4130859375 0.1943359375 0.0107421875 0.017578125
0 0.4111328125 0.208984375 0.0087890625 0.015625
0 0.4580078125 0.1396484375 0.01171875 0.0185546875
0 0.451171875 0.0703125 0.009765625 0.0205078125
0 0.5751953125 0.142578125 0.009765625 0.0205078125
0 0.61328125 0.943359375 0.01171875 0.0224609375
0 0.5888671875 0.9609375 0.0107421875 0.017578125
0 0.595703125 0.810546875 0.0078125 0.015625
0 0.5625 0.8076171875 0.0068359375 0.0107421875