0 0.1826171875 0.8720703125 0.111328125 0.224609375
0 0.232421875 0.5537109375 0.03515625 0.0595703125
0 0.5283203125 0.3583984375 0.0361328125 0.064453125
0 0.4697265625 0.0283203125 0.033203125 0.056640625
0 0.5439453125 0.087890625 0.01953125 0.0361328125
0 0.1767578125 0.0341796875 0.0322265625 0.056640625
0 0.0693359375 0.77734375 0.0166015625 0.03515625
0 0.1162109375 0.73046875 0.0185546875 0.033203125
0 0.1328125 0.69921875 0.017578125 0.0322265625
0 0.271484375 0.9111328125 0.013671875 0.025390625
0 0.138671875 0.9267578125 0.0146484375 0.0224609375
0 0.1328125 0.9814453125 0.01171875 0.021484375
0 0.5751953125 0.5078125 0.0224609375 0.041015625
0 0.45703125 0.9423828125 0.044921875 0.0859375
0 0.4599609375 0.9873046875 0.01171875 0.01953125
0 0.2724609375 0.23828125 0.01953125 0.0361328125
0 0.298828125 0.216796875 0.0263671875 0.0419921875
0 0.79296875 0.41796875 0.0341796875 0.0615234375
0 0.802734375 0.4013671875 0.0107421875 0.0205078125
0 0.7958984375 0.4970703125 0.013671875 0.02734375
0 0.8876953125 0.099609375 0.0224609375 0.0419921875
0 0.8759765625 0.2841796875 0.017578125 0.03125
0 0.92578125 0.2314453125 0.0166015625 0.0322265625
0 0.931640625 0.28125 0.0263671875 0.0458984375
0 0.9716796875 0.2880859375 0.02734375 0.046875
0 0.986328125 0.2451171875 0.013671875 0.02734375
0 0.3896484375 0.3623046875 0.0126953125 0.0224609375
0 0.4228515625 0.3515625 0.0146484375 0.0283203125
0 0.5869140625 0.15234375 0.0751953125 0.1240234375
0 0.6279296875 0.0400390625 0.068359375 0.0791015625
0 0.2783203125 0.9775390625 0.0263671875 0.044921875
0 0.3134765625 0.9794921875 0.0234375 0.041015625
0 0.3798828125 0.806640625 0.013671875 0.025390625
0 0.9072265625 0.8203125 0.0205078125 0.0361328125
0 0.9326171875 0.5263671875 0.021484375 0.041015625
0 0.38671875 0.76171875 0.017578125 0.037109375
0 0.43359375 0.73828125 0.015625 0.0302734375
0 0.3125 0.7021484375 0.0166015625 0.03125
0 0.466796875 0.81640625 0.013671875 0.0302734375
0 0.5009765625 0.8447265625 0.013671875 0.02734375
0 0.134765625 0.2314453125 0.01171875 0.0263671875
0 0.0048828125 0.0869140625 0.009765625 0.025390625
0 0.4375 0.1572265625 0.013671875 0.025390625
0 0.509765625 0.302734375 0.01171875 0.0205078125
0 0.4970703125 0.4599609375 0.01171875 0.0263671875
0 0.576171875 0.5615234375 0.013671875 0.0244140625
0 0.7060546875 0.0732421875 0.0224609375 0.04296875
0 0.728515625 0.203125 0.013671875 0.02734375
0 0.732421875 0.0634765625 0.013671875 0.029296875
0 0.646484375 0.41015625 0.0126953125 0.021484375
0 0.5615234375 0.4345703125 0.0400390625 0.05859375
0 0.560546875 0.4755859375 0.013671875 0.0263671875
0 0.640625 0.583984375 0.0185546875 0.0380859375
0 0.2080078125 0.1318359375 0.0126953125 0.0263671875
0 0.408203125 0.7109375 0.021484375 0.0400390625
0 0.6171875 0.783203125 0.03125 0.078125
0 0.71875 0.6796875 0.0205078125 0.041015625
0 0.724609375 0.80078125 0.0205078125 0.04296875
0 0.8408203125 0.9296875 0.0146484375 0.029296875
0 0.9091796875 0.7421875 0.013671875 0.0302734375
0 0.966796875 0.6513671875 0.0146484375 0.02734375
0 0.81640625 0.3779296875 0.015625 0.0302734375
0 0.27734375 0.1669921875 0.009765625 0.0185546875
0 0.2978515625 0.1884765625 0.0107421875 0.021484375
0 0.08203125 0.681640625 0.013671875 0.0302734375
0 0.0947265625 0.677734375 0.013671875 0.02734375
0 0.103515625 0.8994140625 0.015625 0.0302734375
0 0.6328125 0.7158203125 0.0322265625 0.05859375
0 0.4541015625 0.1005859375 0.009765625 0.021484375
0 0.962890625 0.8828125 0.07421875 0.234375
0 0.837890625 0.4619140625 0.01171875 0.0244140625
0 0.892578125 0.4951171875 0.009765625 0.0185546875
0 0.1953125 0.5048828125 0.013671875 0.0244140625
0 0.2109375 0.681640625 0.0126953125 0.0244140625
0 0.0302734375 0.033203125 0.013671875 0.0263671875
0 0.9609375 0.013671875 0.0146484375 0.0205078125
0 0.8984375 0.17578125 0.015625 0.0263671875
0 0.892578125 0.248046875 0.013671875 0.0234375
0 0.91015625 0.2646484375 0.009765625 0.0185546875
0 0.783203125 0.2734375 0.01171875 0.029296875
0 0.8525390625 0.1845703125 0.01171875 0.021484375
0 0.828125 0.08203125 0.009765625 0.021484375
0 0.8037109375 0.048828125 0.009765625 0.0185546875
0 0.9345703125 0.4267578125 0.013671875 0.0244140625
0 0.6259765625 0.591796875 0.009765625 0.01953125
0 0.498046875 0.7841796875 0.0107421875 0.0234375
0 0.58203125 0.58203125 0.009765625 0.0185546875
0 0.5791015625 0.7421875 0.0185546875 0.0361328125
0 0.615234375 0.6201171875 0.0107421875 0.0234375
0 0.9248046875 0.63671875 0.009765625 0.01953125
0 0.9892578125 0.435546875 0.009765625 0.0234375
0 0.962890625 0.359375 0.009765625 0.021484375
0 0.724609375 0.484375 0.0185546875 0.0341796875
0 0.716796875 0.767578125 0.009765625 0.01953125
0 0.9619140625 0.6796875 0.009765625 0.01953125
0 0.7431640625 0.5869140625 0.009765625 0.01953125
0 0.4296875 0.1171875 0.0107421875 0.021484375
0 0.703125 0.439453125 0.009765625 0.0185546875
0 0.7275390625 0.3720703125 0.0107421875 0.01953125
0 0.888671875 0.7353515625 0.0107421875 0.0234375
0 0.599609375 0.7255859375 0.0078125 0.01953125
0 0.5712890625 0.7900390625 0.0107421875 0.0205078125
0 0.4794921875 0.6015625 0.009765625 0.0234375