0 0.23828125 0.103515625 0.14453125 0.20703125
0 0.25 0.4208984375 0.044921875 0.06640625
0 0.533203125 0.6611328125 0.046875 0.072265625
0 0.431640625 0.9814453125 0.0390625 0.03125
0 0.5146484375 0.9453125 0.025390625 0.041015625
0 0.126953125 0.94140625 0.037109375 0.037109375
0 0.1083984375 0.1669921875 0.021484375 0.037109375
0 0.1513671875 0.2216796875 0.0234375 0.037109375
0 0.1650390625 0.255859375 0.0234375 0.037109375
0 0.3369140625 0.052734375 0.017578125 0.02734375
0 0.2001953125 0.0205078125 0.017578125 0.025390625
0 0.6005859375 0.5126953125 0.029296875 0.044921875
0 0.533203125 0.0458984375 0.05859375 0.091796875
0 0.541015625 0.0048828125 0.013671875 0.0078125
0 0.2509765625 0.75390625 0.025390625 0.041015625
0 0.275390625 0.779296875 0.033203125 0.046875
0 0.81640625 0.6328125 0.04296875 0.068359375
0 0.82421875 0.65234375 0.013671875 0.0234375
0 0.8291015625 0.55078125 0.017578125 0.03125
0 0.8720703125 0.9765625 0.029296875 0.046875
0 0.8857421875 0.783203125 0.0234375 0.03515625
0 0.9296875 0.8447265625 0.021484375 0.03515625
0 0.943359375 0.7939453125 0.033203125 0.05078125
0 0.388671875 0.6396484375 0.015625 0.025390625
0 0.421875 0.6552734375 0.01953125 0.03125
0 0.5673828125 0.8837890625 0.09375 0.138671875
0 0.5966796875 0.98046875 0.076171875 0.0390625
0 0.3515625 0.005859375 0.03125 0.01171875
0 0.38671875 0.0048828125 0.02734375 0.009765625
0 0.435546875 0.17578125 0.017578125 0.02734375
0 0.9873046875 0.2294921875 0.025390625 0.041015625
0 0.9755859375 0.5380859375 0.02734375 0.044921875
0 0.4365234375 0.2236328125 0.0234375 0.041015625
0 0.482421875 0.2548828125 0.01953125 0.033203125
0 0.3525390625 0.2763671875 0.021484375 0.033203125
0 0.52734375 0.177734375 0.017578125 0.033203125
0 0.56640625 0.15234375 0.017578125 0.03125
0 0.107421875 0.744140625 0.015625 0.029296875
0 0.412109375 0.8603515625 0.017578125 0.02734375
0 0.5068359375 0.7177734375 0.015625 0.0234375
0 0.513671875 0.552734375 0.015625 0.029296875
0 0.6083984375 0.4560546875 0.017578125 0.02734375
0 0.6806640625 0.978515625 0.029296875 0.04296875
0 0.720703125 0.849609375 0.017578125 0.03125
0 0.7060546875 0.9892578125 0.017578125 0.021484375
0 0.662109375 0.623046875 0.015625 0.0234375
0 0.5771484375 0.5859375 0.048828125 0.06640625
0 0.5810546875 0.5439453125 0.017578125 0.029296875
0 0.6787109375 0.44140625 0.0234375 0.04296875
0 0.1708984375 0.8564453125 0.017578125 0.029296875
0 0.453125 0.2783203125 0.02734375 0.044921875
0 0.6796875 0.23046875 0.04296875 0.0859375
0 0.7724609375 0.3515625 0.02734375 0.046875
0 0.79296875 0.2265625 0.02734375 0.046875
0 0.9306640625 0.107421875 0.017578125 0.03125
0 0.978515625 0.310546875 0.017578125 0.033203125
0 0.8349609375 0.677734375 0.01953125 0.033203125
0 0.2470703125 0.8291015625 0.013671875 0.021484375
0 0.271484375 0.8095703125 0.013671875 0.0234375
0 0.109375 0.267578125 0.017578125 0.033203125
0 0.1220703125 0.2744140625 0.017578125 0.03125
0 0.1591796875 0.0439453125 0.01953125 0.033203125
0 0.6875 0.302734375 0.041015625 0.064453125
0 0.421875 0.919921875 0.013671875 0.0234375
0 0.8681640625 0.5947265625 0.015625 0.02734375
0 0.9287109375 0.5654296875 0.013671875 0.021484375
0 0.205078125 0.466796875 0.017578125 0.02734375
0 0.244140625 0.2841796875 0.017578125 0.02734375
0 0.89453125 0.8994140625 0.01953125 0.029296875
0 0.8984375 0.8232421875 0.015625 0.025390625
0 0.91796875 0.8076171875 0.013671875 0.021484375
0 0.787109375 0.7822265625 0.015625 0.03125
0 0.8486328125 0.8837890625 0.013671875 0.025390625
0 0.810546875 0.9873046875 0.013671875 0.025390625
0 0.96484375 0.642578125 0.017578125 0.02734375
0 0.6640625 0.431640625 0.013671875 0.021484375
0 0.5556640625 0.21484375 0.013671875 0.025390625
0 0.6171875 0.435546875 0.013671875 0.021484375
0 0.6357421875 0.2685546875 0.0234375 0.041015625
0 0.65625 0.400390625 0.013671875 0.025390625
0 0.98046875 0.421875 0.01171875 0.021484375
0 0.75390625 0.5556640625 0.0234375 0.0390625
0 0.78125 0.259765625 0.013671875 0.021484375
0 0.78515625 0.451171875 0.013671875 0.021484375
0 0.3984375 0.8994140625 0.013671875 0.025390625
0 0.724609375 0.599609375 0.01171875 0.021484375
0 0.7421875 0.673828125 0.013671875 0.021484375
0 0.95703125 0.3154296875 0.013671875 0.025390625
0 0.654296875 0.2880859375 0.01171875 0.021484375
0 0.6328125 0.216796875 0.013671875 0.0234375
0 0.5126953125 0.40234375 0.013671875 0.025390625