0 0.7666015625 0.5205078125 0.16015625 0.27734375
0 0.8544921875 0.201171875 0.0849609375 0.169921875
0 0.40625 0.28125 0.03515625 0.0654296875
0 0.0791015625 0.34375 0.0419921875 0.064453125
0 0.1484375 0.2744140625 0.029296875 0.0439453125
0 0.11328125 0.9521484375 0.0517578125 0.0947265625
0 0.2978515625 0.6298828125 0.03125 0.05859375
0 0.314453125 0.66015625 0.017578125 0.03125
0 0.375 0.484375 0.029296875 0.0576171875
0 0.94140625 0.7236328125 0.1064453125 0.2109375
0 0.9716796875 0.9052734375 0.0517578125 0.0859375
0 0.4833984375 0.90625 0.0400390625 0.078125
0 0.6416015625 0.1748046875 0.1171875 0.2451171875
0 0.1708984375 0.1123046875 0.0859375 0.224609375
0 0.1708984375 0.9091796875 0.02734375 0.05078125
0 0.3857421875 0.5791015625 0.0263671875 0.0439453125
0 0.7568359375 0.6806640625 0.0234375 0.04296875
0 0.7978515625 0.7353515625 0.02734375 0.0478515625
0 0.9658203125 0.240234375 0.0302734375 0.0537109375
0 0.22265625 0.251953125 0.0302734375 0.05078125
0 0.5546875 0.037109375 0.0205078125 0.041015625
0 0.451171875 0.109375 0.021484375 0.03515625
0 0.1005859375 0.744140625 0.060546875 0.130859375
0 0.435546875 0.7666015625 0.0205078125 0.041015625
0 0.4951171875 0.6240234375 0.0205078125 0.0361328125
0 0.3271484375 0.9794921875 0.025390625 0.03515625
0 0.501953125 0.09765625 0.0205078125 0.0302734375
0 0.42578125 0.0673828125 0.02734375 0.0478515625