0 0.3779296875 0.8740234375 0.1015625 0.18359375
0 0.1103515625 0.5537109375 0.123046875 0.265625
0 0.60546875 0.4130859375 0.048828125 0.080078125
0 0.6162109375 0.6494140625 0.041015625 0.06640625
0 0.7646484375 0.744140625 0.029296875 0.04296875
0 0.765625 0.5986328125 0.037109375 0.060546875
0 0.75 0.705078125 0.0234375 0.037109375
0 0.9462890625 0.2939453125 0.041015625 0.068359375
0 0.6572265625 0.240234375 0.0234375 0.037109375
0 0.6474609375 0.42578125 0.03125 0.05078125
0 0.18359375 0.1953125 0.033203125 0.048828125
0 0.2099609375 0.2275390625 0.015625 0.02734375
0 0.1259765625 0.2978515625 0.0234375 0.041015625
0 0.005859375 0.3203125 0.01171875 0.0390625
0 0.021484375 0.1494140625 0.04296875 0.189453125
0 0.01953125 0.1982421875 0.015625 0.025390625
0 0.0771484375 0.7001953125 0.021484375 0.033203125
0 0.259765625 0.603515625 0.021484375 0.033203125
0 0.345703125 0.5615234375 0.021484375 0.0390625
0 0.458984375 0.7177734375 0.0234375 0.0390625
0 0.49609375 0.6884765625 0.017578125 0.029296875
0 0.6708984375 0.86328125 0.01953125 0.029296875
0 0.8466796875 0.013671875 0.080078125 0.02734375
0 0.0859375 0.0771484375 0.02734375 0.046875
0 0.0751953125 0.0556640625 0.021484375 0.015625
0 0.1005859375 0.203125 0.03515625 0.052734375
0 0.1572265625 0.1953125 0.0234375 0.044921875
0 0.3955078125 0.6533203125 0.015625 0.02734375
0 0.166015625 0.87890625 0.017578125 0.02734375
0 0.1015625 0.8525390625 0.017578125 0.025390625
0 0.05078125 0.7841796875 0.015625 0.0234375
0 0.1865234375 0.994140625 0.017578125 0.01171875
0 0.734375 0.46484375 0.01953125 0.03125
0 0.900390625 0.8486328125 0.021484375 0.03515625
0 0.9453125 0.6767578125 0.0234375 0.037109375
0 0.4150390625 0.109375 0.021484375 0.03515625
0 0.25390625 0.2099609375 0.015625 0.029296875
0 0.19921875 0.072265625 0.017578125 0.03125
0 0.0673828125 0.1259765625 0.025390625 0.0390625
0 0.068359375 0.189453125 0.01953125 0.02734375
0 0.0556640625 0.07421875 0.029296875 0.046875
0 0.1025390625 0.3251953125 0.033203125 0.046875
0 0.0986328125 0.271484375 0.029296875 0.052734375
0 0.1845703125 0.958984375 0.015625 0.025390625
0 0.0576171875 0.5908203125 0.013671875 0.025390625
0 0.0869140625 0.640625 0.013671875 0.0234375
0 0.0771484375 0.501953125 0.013671875 0.021484375
0 0.2080078125 0.6318359375 0.015625 0.025390625
0 0.1728515625 0.67578125 0.013671875 0.021484375
0 0.25 0.529296875 0.01171875 0.025390625
0 0.4091796875 0.802734375 0.013671875 0.0234375
0 0.4853515625 0.9873046875 0.013671875 0.0234375
0 0.224609375 0.291015625 0.02734375 0.04296875
0 0.244140625 0.1474609375 0.025390625 0.037109375
0 0.1171875 0.083984375 0.015625 0.03125
0 0.4365234375 0.12109375 0.01953125 0.03125
0 0.466796875 0.12890625 0.02734375 0.044921875
0 0.40625 0.158203125 0.015625 0.02734375
0 0.48046875 0.19921875 0.021484375 0.03515625
0 0.375 0.3525390625 0.017578125 0.029296875
0 0.40234375 0.2587890625 0.02734375 0.044921875
0 0.6748046875 0.25390625 0.01953125 0.033203125
0 0.7421875 0.310546875 0.01953125 0.029296875
0 0.689453125 0.048828125 0.021484375 0.03515625
0 0.7314453125 0.125 0.021484375 0.03515625
0 0.80859375 0.0498046875 0.017578125 0.02734375
0 0.541015625 0.0771484375 0.017578125 0.029296875
0 0.701171875 0.6904296875 0.029296875 0.037109375
0 0.841796875 0.8994140625 0.017578125 0.029296875
0 0.9052734375 0.7109375 0.015625 0.0234375
0 0.97265625 0.6806640625 0.015625 0.02734375
0 0.97265625 0.779296875 0.025390625 0.037109375
0 0.021484375 0.5126953125 0.033203125 0.046875
0 0.041015625 0.408203125 0.0234375 0.037109375
0 0.07421875 0.361328125 0.01171875 0.0234375
0 0.12109375 0.3798828125 0.01953125 0.033203125
0 0.0908203125 0.369140625 0.017578125 0.029296875
0 0.271484375 0.5146484375 0.017578125 0.02734375
0 0.263671875 0.7626953125 0.013671875 0.021484375
0 0.2294921875 0.9111328125 0.013671875 0.02734375
0 0.0908203125 0.986328125 0.013671875 0.021484375
0 0.654296875 0.896484375 0.015625 0.029296875
0 0.7080078125 0.9248046875 0.017578125 0.029296875
0 0.8486328125 0.810546875 0.01953125 0.03515625
0 0.9404296875 0.8388671875 0.01953125 0.02734375
0 0.7197265625 0.9560546875 0.017578125 0.02734375
0 0.8818359375 0.947265625 0.015625 0.01953125
0 0.7236328125 0.55078125 0.01953125 0.041015625
0 0.5361328125 0.216796875 0.017578125 0.02734375
0 0.517578125 0.1328125 0.017578125 0.03515625
0 0.53125 0.4638671875 0.017578125 0.03125
0 0.64453125 0.65625 0.013671875 0.0234375
0 0.5048828125 0.0576171875 0.021484375 0.03515625
0 0.263671875 0.2587890625 0.01171875 0.0234375
0 0.5771484375 0.982421875 0.013671875 0.025390625
0 0.0341796875 0.31640625 0.013671875 0.0234375
0 0.00390625 0.2333984375 0.0078125 0.021484375
0 0.048828125 0.1142578125 0.01171875 0.021484375
0 0.5361328125 0.5791015625 0.013671875 0.01953125
0 0.4892578125 0.2451171875 0.013671875 0.025390625
0 0.638671875 0.16796875 0.013671875 0.02734375
0 0.6455078125 0.140625 0.01171875 0.0234375
0 0.6025390625 0.0087890625 0.017578125 0.017578125
0 0.9208984375 0.3203125 0.017578125 0.02734375
0 0.9892578125 0.4248046875 0.01171875 0.0234375
0 0.9716796875 0.3583984375 0.013671875 0.01953125
0 0.9501953125 0.3916015625 0.01171875 0.0234375
0 0.89453125 0.400390625 0.015625 0.0234375
0 0.5380859375 0.01171875 0.013671875 0.0234375
0 0.6650390625 0.8310546875 0.01171875 0.021484375
0 0.7333984375 0.755859375 0.015625 0.025390625
0 0.744140625 0.7451171875 0.01171875 0.021484375
0 0.6640625 0.697265625 0.01171875 0.021484375
0 0.5751953125 0.728515625 0.015625 0.02734375
0 0.775390625 0.7958984375 0.013671875 0.0234375
0 0.4033203125 0.9755859375 0.01171875 0.01953125
0 0.3603515625 0.9951171875 0.017578125 0.009765625
0 0.376953125 0.6435546875 0.013671875 0.0234375
0 0.7021484375 0.6123046875 0.01171875 0.021484375
0 0.662109375 0.498046875 0.0234375 0.037109375
0 0.576171875 0.197265625 0.013671875 0.021484375
0 0.126953125 0.892578125 0.025390625 0.0390625
0 0.98828125 0.8583984375 0.013671875 0.021484375
0 0.884765625 0.46484375 0.015625 0.02734375
0 0.86328125 0.408203125 0.013671875 0.025390625
0 0.814453125 0.4091796875 0.013671875 0.021484375
0 0.7197265625 0.2041015625 0.013671875 0.025390625
0 0.7412109375 0.166015625 0.013671875 0.025390625
0 0.818359375 0.0068359375 0.01171875 0.013671875
0 0.845703125 0.08984375 0.015625 0.025390625
0 0.810546875 0.19921875 0.01171875 0.021484375
0 0.8505859375 0.2021484375 0.01171875 0.0234375
0 0.81640625 0.3515625 0.013671875 0.0234375
0 0.775390625 0.369140625 0.01171875 0.01953125
0 0.7333984375 0.2724609375 0.01171875 0.0234375
0 0.896484375 0.5810546875 0.015625 0.0234375
0 0.916015625 0.5673828125 0.015625 0.033203125
0 0.8994140625 0.6455078125 0.009765625 0.017578125
0 0.4072265625 0.3876953125 0.013671875 0.0234375
0 0.8291015625 0.6669921875 0.013671875 0.0234375