0 0.6259765625 0.4150390625 0.076171875 0.1357421875
0 0.431640625 0.5009765625 0.03515625 0.0498046875
0 0.3515625 0.38671875 0.0234375 0.0361328125
0 0.2998046875 0.7255859375 0.013671875 0.025390625
0 0.369140625 0.73046875 0.015625 0.0283203125
0 0.5712890625 0.814453125 0.021484375 0.0322265625
0 0.4892578125 0.0517578125 0.021484375 0.0322265625
0 0.95703125 0.296875 0.0234375 0.0361328125
0 0.9375 0.7470703125 0.01953125 0.0322265625
0 0.072265625 0.1015625 0.015625 0.025390625
0 0.1728515625 0.2666015625 0.013671875 0.025390625
0 0.2138671875 0.0751953125 0.013671875 0.021484375
0 0.302734375 0.5869140625 0.0234375 0.0361328125
0 0.4970703125 0.9091796875 0.013671875 0.021484375
0 0.5986328125 0.943359375 0.013671875 0.025390625
0 0.6591796875 0.8310546875 0.013671875 0.0283203125
0 0.6767578125 0.857421875 0.013671875 0.025390625
0 0.9140625 0.7880859375 0.0234375 0.0283203125
0 0.9599609375 0.8740234375 0.013671875 0.021484375
0 0.982421875 0.8955078125 0.01171875 0.021484375
0 0.9794921875 0.0498046875 0.017578125 0.0283203125
0 0.974609375 0.08203125 0.01171875 0.021484375
0 0.7919921875 0.021484375 0.013671875 0.021484375
0 0.73828125 0.095703125 0.01171875 0.01953125
0 0.6865234375 0.1220703125 0.013671875 0.021484375
0 0.7685546875 0.1953125 0.009765625 0.017578125
0 0.701171875 0.2958984375 0.01171875 0.01953125
0 0.7548828125 0.2470703125 0.009765625 0.021484375
0 0.771484375 0.3115234375 0.01171875 0.021484375
0 0.4736328125 0.2802734375 0.009765625 0.0166015625
0 0.3369140625 0.189453125 0.013671875 0.021484375
0 0.2314453125 0.283203125 0.017578125 0.0283203125
0 0.005859375 0.337890625 0.01171875 0.087890625
0 0.1083984375 0.5087890625 0.013671875 0.021484375
0 0.3681640625 0.96484375 0.013671875 0.025390625
0 0.3828125 0.984375 0.01171875 0.021484375
0 0.404296875 0.962890625 0.01171875 0.021484375
0 0.2705078125 0.982421875 0.013671875 0.0234375
0 0.0634765625 0.6318359375 0.013671875 0.017578125
0 0.0322265625 0.7353515625 0.009765625 0.017578125
0 0.6025390625 0.1826171875 0.013671875 0.021484375
0 0.6171875 0.1767578125 0.01171875 0.0166015625
0 0.875 0.26171875 0.01171875 0.021484375
0 0.88671875 0.294921875 0.01171875 0.017578125
0 0.9111328125 0.408203125 0.009765625 0.021484375
0 0.890625 0.423828125 0.01953125 0.037109375
0 0.9873046875 0.6162109375 0.025390625 0.1357421875
0 0.8779296875 0.57421875 0.009765625 0.017578125
0 0.9033203125 0.6494140625 0.009765625 0.017578125
0 0.90625 0.537109375 0.01171875 0.021484375
0 0.865234375 0.09375 0.0078125 0.0166015625
0 0.1064453125 0.6943359375 0.021484375 0.0361328125
0 0.0087890625 0.810546875 0.009765625 0.017578125
0 0.2509765625 0.927734375 0.013671875 0.021484375
0 0.3564453125 0.865234375 0.017578125 0.017578125
0 0.3427734375 0.79296875 0.009765625 0.017578125
0 0.654296875 0.55859375 0.01171875 0.021484375
0 0.3701171875 0.169921875 0.009765625 0.017578125
0 0.34375 0.169921875 0.0078125 0.017578125
0 0.1171875 0.0712890625 0.01171875 0.0146484375
0 0.0458984375 0.0498046875 0.009765625 0.0146484375
0 0.005859375 0.123046875 0.01171875 0.0234375
0 0.0322265625 0.1298828125 0.009765625 0.0166015625
0 0.029296875 0.150390625 0.0078125 0.0146484375
0 0.287109375 0.0126953125 0.0078125 0.017578125
0 0.3994140625 0.10546875 0.009765625 0.017578125
0 0.3798828125 0.041015625 0.009765625 0.017578125
0 0.47265625 0.087890625 0.015625 0.025390625
0 0.669921875 0.087890625 0.01171875 0.017578125
0 0.6357421875 0.068359375 0.009765625 0.021484375
0 0.7890625 0.0634765625 0.0078125 0.0126953125
0 0.8642578125 0.0947265625 0.009765625 0.017578125
0 0.8857421875 0.1826171875 0.009765625 0.021484375
0 0.775390625 0.7255859375 0.01171875 0.017578125
0 0.7216796875 0.7744140625 0.013671875 0.0234375
0 0.744140625 0.73046875 0.015625 0.04296875
0 0.65234375 0.71484375 0.0078125 0.017578125
0 0.068359375 0.8916015625 0.0078125 0.0146484375
0 0.103515625 0.9365234375 0.0078125 0.0107421875
0 0.4169921875 0.583984375 0.013671875 0.021484375
0 0.3984375 0.5517578125 0.0078125 0.0146484375
0 0.3125 0.533203125 0.01171875 0.021484375
0 0.275390625 0.38671875 0.0078125 0.0146484375
0 0.552734375 0.5224609375 0.0078125 0.0146484375
0 0.478515625 0.3935546875 0.0078125 0.0146484375
0 0.7470703125 0.62109375 0.009765625 0.017578125
0 0.814453125 0.712890625 0.01171875 0.021484375
0 0.8466796875 0.9443359375 0.041015625 0.091796875
0 0.8828125 0.19921875 0.01171875 0.017578125
0 0.2822265625 0.474609375 0.009765625 0.025390625
0 0.15234375 0.4130859375 0.015625 0.025390625
0 0.3271484375 0.2568359375 0.01171875 0.025390625
0 0.45703125 0.1630859375 0.0087890625 0.0166015625
0 0.48828125 0.185546875 0.009765625 0.01953125
0 0.10546875 0.30859375 0.009765625 0.021484375
0 0.0673828125 0.193359375 0.0087890625 0.0205078125
0 0.05078125 0.1796875 0.0087890625 0.0166015625
0 0.267578125 0.779296875 0.0107421875 0.0205078125
0 0.3193359375 0.8603515625 0.0078125 0.0185546875
0 0.064453125 0.82421875 0.0126953125 0.0185546875
0 0.0029296875 0.6650390625 0.005859375 0.0224609375
0 0.017578125 0.6845703125 0.0087890625 0.0146484375
0 0.033203125 0.6826171875 0.0087890625 0.0205078125
0 0.03125 0.59375 0.01171875 0.021484375
0 0.470703125 0.669921875 0.0107421875 0.017578125
0 0.783203125 0.8115234375 0.009765625 0.0205078125
0 0.8349609375 0.8251953125 0.01171875 0.021484375
0 0.8544921875 0.8623046875 0.0107421875 0.0205078125
0 0.7578125 0.9541015625 0.0146484375 0.0263671875
0 0.7080078125 0.990234375 0.009765625 0.01953125
0 0.7001953125 0.935546875 0.0107421875 0.0224609375
0 0.6748046875 0.966796875 0.0087890625 0.0185546875
0 0.9365234375 0.8486328125 0.0107421875 0.0224609375
0 0.9638671875 0.986328125 0.009765625 0.0234375
0 0.8291015625 0.4482421875 0.009765625 0.0185546875
0 0.8203125 0.4013671875 0.0078125 0.017578125
0 0.732421875 0.5087890625 0.0126953125 0.0205078125
0 0.68359375 0.4033203125 0.0107421875 0.0185546875
0 0.720703125 0.3681640625 0.0126953125 0.02734375
0 0.7001953125 0.3701171875 0.009765625 0.0205078125
0 0.6826171875 0.21484375 0.01171875 0.0263671875
0 0.81640625 0.16015625 0.0126953125 0.021484375
0 0.888671875 0.1318359375 0.0107421875 0.021484375
0 0.44921875 0.4326171875 0.0107421875 0.01953125
0 0.208984375 0.50390625 0.009765625 0.0146484375
0 0.181640625 0.638671875 0.0078125 0.01953125
0 0.2001953125 0.5673828125 0.0107421875 0.0224609375
0 0.2744140625 0.54296875 0.009765625 0.0185546875
0 0.3818359375 0.2109375 0.009765625 0.0166015625
0 0.5419921875 0.123046875 0.0126953125 0.0234375
0 0.5361328125 0.5673828125 0.01171875 0.01953125
0 0.609375 0.6962890625 0.0126953125 0.0234375
0 0.6171875 0.7744140625 0.0126953125 0.0263671875
0 0.6259765625 0.814453125 0.0087890625 0.021484375
0 0.59765625 0.759765625 0.0107421875 0.01953125
0 0.5439453125 0.7216796875 0.013671875 0.0263671875
0 0.767578125 0.65234375 0.009765625 0.0224609375
0 0.6796875 0.7978515625 0.0126953125 0.029296875
0 0.724609375 0.7236328125 0.0107421875 0.0185546875
0 0.7001953125 0.6796875 0.0107421875 0.017578125
0 0.8271484375 0.7158203125 0.009765625 0.0185546875
0 0.8818359375 0.7470703125 0.0078125 0.0185546875