0 0.4130859375 0.3681640625 0.103515625 0.15625
0 0.599609375 0.4931640625 0.044921875 0.05859375
0 0.7041015625 0.388671875 0.03125 0.041015625
0 0.6953125 0.75 0.01953125 0.029296875
0 0.623046875 0.7431640625 0.021484375 0.033203125
0 0.396484375 0.7919921875 0.02734375 0.037109375
0 0.62109375 0.0224609375 0.025390625 0.021484375
0 0.0908203125 0.18359375 0.03125 0.041015625
0 0.029296875 0.6552734375 0.025390625 0.037109375
0 0.912109375 0.2958984375 0.01953125 0.029296875
0 0.9033203125 0.0888671875 0.017578125 0.025390625
0 0.7177734375 0.60546875 0.03125 0.041015625
0 0.4560546875 0.9052734375 0.017578125 0.025390625
0 0.345703125 0.921875 0.01953125 0.029296875
0 0.302734375 0.79296875 0.01953125 0.033203125
0 0.279296875 0.818359375 0.01953125 0.029296875
0 0.0458984375 0.701171875 0.029296875 0.033203125
0 0.35546875 0.015625 0.015625 0.021484375
0 0.404296875 0.0517578125 0.017578125 0.025390625
0 0.3056640625 0.1123046875 0.013671875 0.01953125
0 0.357421875 0.2294921875 0.015625 0.021484375
0 0.310546875 0.1689453125 0.013671875 0.0234375
0 0.28125 0.2333984375 0.015625 0.0234375
0 0.5966796875 0.2548828125 0.013671875 0.017578125
0 0.7548828125 0.185546875 0.017578125 0.025390625
0 0.84765625 0.302734375 0.0234375 0.033203125
0 0.93359375 0.5595703125 0.017578125 0.025390625
0 0.580078125 0.9853515625 0.01953125 0.029296875
0 0.560546875 0.99609375 0.015625 0.0078125
0 0.5439453125 0.9775390625 0.015625 0.0234375
0 0.9580078125 0.6962890625 0.017578125 0.021484375
0 0.48046875 0.1298828125 0.017578125 0.025390625
0 0.466796875 0.12109375 0.015625 0.017578125
0 0.1826171875 0.162109375 0.015625 0.0234375
0 0.1640625 0.1953125 0.015625 0.01953125
0 0.1181640625 0.3076171875 0.013671875 0.0234375
0 0.13671875 0.328125 0.02734375 0.04296875
0 0.013671875 0.5078125 0.02734375 0.14453125
0 0.1220703125 0.4873046875 0.013671875 0.01953125
0 0.08203125 0.560546875 0.013671875 0.01953125
0 0.099609375 0.443359375 0.015625 0.0234375
0 0.9013671875 0.7529296875 0.029296875 0.041015625
0 0.708984375 0.9677734375 0.017578125 0.025390625
0 0.6103515625 0.884765625 0.021484375 0.021484375
0 0.638671875 0.8115234375 0.013671875 0.01953125
0 0.357421875 0.51171875 0.015625 0.0234375
0 0.7236328125 0.1591796875 0.013671875 0.01953125
0 0.751953125 0.1650390625 0.01171875 0.01953125
0 0.998046875 0.1044921875 0.00390625 0.017578125
0 0.7060546875 0.0869140625 0.013671875 0.01953125
0 0.6328125 0.0556640625 0.021484375 0.029296875
0 0.427734375 0.01953125 0.015625 0.01953125
0 0.4658203125 0.0078125 0.013671875 0.015625
0 0.185546875 0.078125 0.013671875 0.0234375
0 0.201171875 0.662109375 0.015625 0.01953125
0 0.248046875 0.7236328125 0.01953125 0.02734375
0 0.232421875 0.673828125 0.0234375 0.046875
0 0.33203125 0.673828125 0.01171875 0.01953125
0 0.9052734375 0.96484375 0.009765625 0.015625
0 0.599609375 0.5810546875 0.017578125 0.025390625
0 0.625 0.55078125 0.009765625 0.015625
0 0.7177734375 0.5478515625 0.015625 0.0234375
0 0.783203125 0.40234375 0.009765625 0.015625
0 0.4697265625 0.4921875 0.009765625 0.015625
0 0.5703125 0.3720703125 0.009765625 0.015625
0 0.2490234375 0.5595703125 0.013671875 0.01953125
0 0.1630859375 0.6416015625 0.015625 0.0234375
0 0.0869140625 0.876953125 0.05859375 0.103515625
0 0.1865234375 0.095703125 0.015625 0.01953125
0 0.7587890625 0.4921875 0.015625 0.02734375
0 0.90625 0.4521484375 0.021484375 0.029296875
0 0.7529296875 0.2578125 0.017578125 0.02734375
0 0.6357421875 0.1357421875 0.01171875 0.01953125
0 0.59765625 0.1533203125 0.013671875 0.021484375
0 0.9736328125 0.3515625 0.013671875 0.0234375
0 0.7197265625 0.8115234375 0.015625 0.0234375
0 0.650390625 0.88671875 0.01171875 0.021484375
0 0.921875 0.8955078125 0.015625 0.021484375
0 0.5283203125 0.6611328125 0.015625 0.01953125
0 0.1767578125 0.7509765625 0.013671875 0.0234375
0 0.12109375 0.755859375 0.015625 0.0234375
0 0.09375 0.7900390625 0.015625 0.0234375
0 0.177734375 0.9033203125 0.01953125 0.03125
0 0.22265625 0.9501953125 0.01171875 0.01953125
0 0.2412109375 0.89453125 0.015625 0.025390625
0 0.26171875 0.931640625 0.013671875 0.021484375
0 0.0107421875 0.76171875 0.015625 0.025390625
0 0.1953125 0.365234375 0.013671875 0.021484375
0 0.2138671875 0.3173828125 0.01171875 0.01953125
0 0.28515625 0.4453125 0.017578125 0.0234375
0 0.35546875 0.3447265625 0.013671875 0.021484375
0 0.32421875 0.3017578125 0.017578125 0.03125
0 0.3447265625 0.306640625 0.013671875 0.0234375
0 0.3916015625 0.1494140625 0.017578125 0.029296875
0 0.2626953125 0.068359375 0.017578125 0.025390625
0 0.193359375 0.025390625 0.015625 0.025390625
0 0.59375 0.41796875 0.015625 0.021484375
0 0.830078125 0.5361328125 0.01171875 0.017578125
0 0.8349609375 0.6806640625 0.01171875 0.021484375
0 0.828125 0.6044921875 0.015625 0.025390625
0 0.7548828125 0.564453125 0.013671875 0.021484375
0 0.705078125 0.2001953125 0.013671875 0.017578125
0 0.5546875 0.0791015625 0.017578125 0.025390625
0 0.478515625 0.5419921875 0.015625 0.021484375
0 0.37890625 0.662109375 0.017578125 0.025390625
0 0.35546875 0.7431640625 0.017578125 0.029296875
0 0.33984375 0.7822265625 0.01171875 0.0234375
0 0.3798828125 0.73046875 0.013671875 0.021484375
0 0.4423828125 0.701171875 0.01953125 0.03125
0 0.22265625 0.587890625 0.013671875 0.025390625
0 0.287109375 0.7548828125 0.01953125 0.03125
0 0.2548828125 0.669921875 0.015625 0.021484375
0 0.2880859375 0.62890625 0.013671875 0.01953125
0 0.1494140625 0.642578125 0.013671875 0.021484375
0 0.0869140625 0.6650390625 0.01171875 0.021484375