0 0.29296875 0.576171875 0.060546875 0.08984375
0 0.12109375 0.0146484375 0.02734375 0.029296875
0 0.603515625 0.71875 0.18359375 0.380859375
0 0.6171875 0.501953125 0.0390625 0.064453125
0 0.6455078125 0.4482421875 0.03125 0.041015625
0 0.64453125 0.8115234375 0.021484375 0.03125
0 0.64453125 0.787109375 0.015625 0.017578125
0 0.67578125 0.7998046875 0.0390625 0.0625
0 0.6513671875 0.65625 0.021484375 0.029296875
0 0.5546875 0.662109375 0.017578125 0.02734375
0 0.68359375 0.4384765625 0.015625 0.0234375
0 0.75 0.38671875 0.025390625 0.041015625
0 0.6005859375 0.240234375 0.0234375 0.037109375
0 0.73046875 0.150390625 0.021484375 0.029296875
0 0.7216796875 0.04296875 0.0234375 0.02734375
0 0.9228515625 0.705078125 0.083984375 0.115234375
0 0.931640625 0.31640625 0.13671875 0.421875
0 0.111328125 0.8271484375 0.025390625 0.037109375
0 0.2392578125 0.8076171875 0.021484375 0.03515625
0 0.046875 0.859375 0.015625 0.0234375
0 0.0595703125 0.8232421875 0.013671875 0.021484375
0 0.75390625 0.9580078125 0.16015625 0.083984375
0 0.763671875 0.9560546875 0.0234375 0.03125
0 0.80078125 0.921875 0.017578125 0.025390625
0 0.859375 0.8583984375 0.025390625 0.04296875
0 0.2158203125 0.427734375 0.01953125 0.03125
0 0.2275390625 0.9267578125 0.017578125 0.025390625
0 0.4755859375 0.9599609375 0.017578125 0.02734375
0 0.828125 0.736328125 0.01953125 0.033203125
0 0.814453125 0.802734375 0.015625 0.02734375
0 0.8515625 0.7900390625 0.01953125 0.025390625
0 0.8515625 0.642578125 0.025390625 0.037109375
0 0.927734375 0.6162109375 0.01953125 0.03515625
0 0.90234375 0.5283203125 0.017578125 0.029296875
0 0.7666015625 0.45703125 0.017578125 0.0234375
0 0.78125 0.4384765625 0.021484375 0.025390625
0 0.134765625 0.3916015625 0.017578125 0.025390625
0 0.11328125 0.4248046875 0.015625 0.01953125
0 0.177734375 0.0322265625 0.015625 0.021484375
0 0.3515625 0.2822265625 0.01953125 0.02734375
0 0.0771484375 0.6875 0.021484375 0.029296875
0 0.435546875 0.8369140625 0.015625 0.025390625
0 0.4052734375 0.83203125 0.021484375 0.033203125
0 0.4677734375 0.615234375 0.015625 0.01953125
0 0.51953125 0.5830078125 0.017578125 0.02734375
0 0.6904296875 0.291015625 0.01953125 0.033203125
0 0.69921875 0.2646484375 0.017578125 0.025390625
0 0.2275390625 0.025390625 0.041015625 0.05078125
0 0.755859375 0.671875 0.01953125 0.0234375
0 0.849609375 0.2099609375 0.015625 0.02734375
0 0.701171875 0.2294921875 0.01953125 0.025390625
0 0.63671875 0.13671875 0.01953125 0.025390625
0 0.6611328125 0.12109375 0.015625 0.025390625
0 0.6015625 0.1318359375 0.017578125 0.0234375
0 0.7041015625 0.08984375 0.015625 0.0234375
0 0.6982421875 0.1259765625 0.017578125 0.0234375
0 0.6572265625 0.025390625 0.0234375 0.013671875
0 0.7646484375 0.046875 0.017578125 0.017578125
0 0.7412109375 0.107421875 0.017578125 0.0234375
0 0.861328125 0.140625 0.015625 0.0234375
0 0.720703125 0.279296875 0.015625 0.021484375
0 0.744140625 0.2880859375 0.015625 0.017578125
0 0.828125 0.404296875 0.03125 0.048828125
0 0.8447265625 0.5205078125 0.025390625 0.029296875
0 0.9775390625 0.6484375 0.021484375 0.076171875
0 0.9287109375 0.9111328125 0.033203125 0.11328125
0 0.861328125 0.9912109375 0.015625 0.017578125
0 0.896484375 0.978515625 0.01953125 0.025390625
0 0.888671875 0.9462890625 0.013671875 0.021484375
0 0.00390625 0.810546875 0.0078125 0.01953125
0 0.296875 0.150390625 0.0234375 0.033203125