0 0.52734375 0.671875 0.162109375 0.24609375
0 0.5615234375 0.1708984375 0.107421875 0.16796875
0 0.171875 0.1435546875 0.20703125 0.287109375
0 0.078125 0.2919921875 0.13671875 0.25
0 0.0107421875 0.4365234375 0.021484375 0.060546875
0 0.2275390625 0.5947265625 0.072265625 0.1015625
0 0.263671875 0.8623046875 0.04296875 0.07421875
0 0.01171875 0.755859375 0.0234375 0.08984375
0 0.0625 0.5703125 0.046875 0.076171875
0 0.0927734375 0.5400390625 0.04296875 0.0703125
0 0.6982421875 0.482421875 0.041015625 0.060546875
0 0.7880859375 0.8671875 0.03515625 0.0546875
0 0.8603515625 0.833984375 0.03515625 0.0546875
0 0.474609375 0.9375 0.068359375 0.1015625
0 0.3955078125 0.8974609375 0.064453125 0.099609375
0 0.3759765625 0.8720703125 0.0234375 0.046875
0 0.357421875 0.9404296875 0.017578125 0.02734375
0 0.509765625 0.8583984375 0.021484375 0.037109375
0 0.275390625 0.7255859375 0.02734375 0.041015625
0 0.08984375 0.916015625 0.033203125 0.052734375
0 0.0693359375 0.6904296875 0.03515625 0.056640625
0 0.4150390625 0.1220703125 0.0234375 0.0390625
0 0.3583984375 0.326171875 0.02734375 0.04296875
0 0.3310546875 0.3876953125 0.021484375 0.033203125
0 0.3544921875 0.603515625 0.021484375 0.03515625
0 0.2900390625 0.68359375 0.025390625 0.041015625
0 0.099609375 0.6357421875 0.03515625 0.052734375
0 0.01171875 0.525390625 0.0234375 0.046875
0 0.759765625 0.52734375 0.01953125 0.03125
0 0.728515625 0.501953125 0.0234375 0.0390625
0 0.748046875 0.4658203125 0.017578125 0.029296875
0 0.75 0.271484375 0.01953125 0.03125
0 0.498046875 0.337890625 0.021484375 0.0390625
0 0.423828125 0.70703125 0.01953125 0.03125
0 0.7314453125 0.81640625 0.021484375 0.029296875
0 0.7119140625 0.8671875 0.01953125 0.033203125
0 0.904296875 0.5458984375 0.029296875 0.044921875
0 0.9384765625 0.255859375 0.02734375 0.048828125
0 0.6806640625 0.1162109375 0.0234375 0.037109375
0 0.3447265625 0.2353515625 0.01953125 0.03515625
0 0.5029296875 0.4931640625 0.0234375 0.033203125
0 0.552734375 0.3466796875 0.029296875 0.044921875
0 0.427734375 0.00390625 0.02734375 0.0078125
0 0.2978515625 0.0068359375 0.029296875 0.013671875
0 0.1396484375 0.4970703125 0.01953125 0.03125
0 0.1298828125 0.6357421875 0.017578125 0.02734375
0 0.37890625 0.4638671875 0.01953125 0.03125
0 0.8076171875 0.2978515625 0.03125 0.044921875
0 0.7734375 0.359375 0.029296875 0.04296875
0 0.7724609375 0.3115234375 0.01953125 0.029296875
0 0.7099609375 0.0546875 0.015625 0.025390625
0 0.443359375 0.4287109375 0.01953125 0.029296875
0 0.791015625 0.62890625 0.037109375 0.06640625
0 0.9482421875 0.76171875 0.078125 0.2890625
0 0.6142578125 0.7734375 0.01953125 0.02734375
0 0.2998046875 0.806640625 0.021484375 0.029296875
0 0.2412109375 0.7802734375 0.015625 0.029296875
0 0.314453125 0.580078125 0.017578125 0.03125
0 0.46484375 0.615234375 0.017578125 0.03125
0 0.6416015625 0.9375 0.015625 0.0234375
0 0.1982421875 0.6494140625 0.017578125 0.02734375
0 0.14453125 0.666015625 0.017578125 0.025390625
0 0.376953125 0.359375 0.01953125 0.029296875
0 0.580078125 0.2900390625 0.013671875 0.021484375
0 0.9599609375 0.21875 0.013671875 0.021484375
0 0.775390625 0.7294921875 0.033203125 0.052734375
0 0.2978515625 0.517578125 0.015625 0.025390625
0 0.15625 0.4716796875 0.0234375 0.0234375
0 0.2998046875 0.4462890625 0.015625 0.0234375
0 0.7578125 0.208984375 0.021484375 0.03125
0 0.4931640625 0.0634765625 0.015625 0.025390625
0 0.453125 0.072265625 0.017578125 0.025390625
0 0.3876953125 0.2177734375 0.0234375 0.03515625
0 0.7392578125 0.6962890625 0.037109375 0.0546875
0 0.5244140625 0.509765625 0.015625 0.0234375
0 0.3994140625 0.2958984375 0.013671875 0.0234375
0 0.62890625 0.587890625 0.009765625 0.01953125
0 0.6005859375 0.5771484375 0.01171875 0.01953125
0 0.5791015625 0.5810546875 0.009765625 0.015625
0 0.62890625 0.5380859375 0.013671875 0.021484375
0 0.5888671875 0.49609375 0.013671875 0.01953125
0 0.6494140625 0.521484375 0.01171875 0.017578125
0 0.7041015625 0.6259765625 0.009765625 0.017578125
0 0.697265625 0.666015625 0.01171875 0.017578125
0 0.4951171875 0.5400390625 0.01171875 0.017578125
0 0.341796875 0.2646484375 0.013671875 0.021484375
0 0.3515625 0.111328125 0.013671875 0.021484375
0 0.3232421875 0.109375 0.013671875 0.017578125
0 0.2607421875 0.0830078125 0.01171875 0.021484375
0 0.2841796875 0.029296875 0.009765625 0.017578125
0 0.1435546875 0.0400390625 0.015625 0.02734375
0 0.119140625 0.099609375 0.01171875 0.01953125
0 0.0673828125 0.1865234375 0.01171875 0.01953125
0 0.1103515625 0.140625 0.01171875 0.017578125
0 0.08203125 0.0771484375 0.009765625 0.01953125
0 0.0712890625 0.0693359375 0.009765625 0.017578125
0 0.0478515625 0.1865234375 0.009765625 0.021484375
0 0.4072265625 0.0546875 0.01171875 0.017578125
0 0.4931640625 0.0302734375 0.013671875 0.01953125
0 0.4697265625 0.0400390625 0.013671875 0.017578125
0 0.4677734375 0.01953125 0.01171875 0.017578125
0 0.48828125 0.1953125 0.015625 0.017578125
0 0.201171875 0.533203125 0.013671875 0.021484375
0 0.1357421875 0.5341796875 0.01171875 0.01953125
0 0.1640625 0.6904296875 0.013671875 0.01953125
0 0.3115234375 0.7099609375 0.013671875 0.0234375
0 0.4306640625 0.5537109375 0.01171875 0.01953125
0 0.462890625 0.333984375 0.01171875 0.021484375
0 0.4794921875 0.3310546875 0.013671875 0.01953125
0 0.46875 0.4521484375 0.01171875 0.017578125
0 0.5078125 0.3076171875 0.01171875 0.017578125
0 0.5986328125 0.283203125 0.017578125 0.02734375
0 0.4169921875 0.251953125 0.01171875 0.015625
0 0.349609375 0.14453125 0.009765625 0.015625
0 0.4580078125 0.27734375 0.009765625 0.013671875
0 0.349609375 0.0498046875 0.009765625 0.015625
0 0.322265625 0.0625 0.009765625 0.015625
0 0.3818359375 0.0517578125 0.009765625 0.013671875
0 0.2763671875 0.234375 0.01171875 0.01953125
0 0.546875 0.033203125 0.013671875 0.021484375
0 0.4892578125 0.421875 0.01953125 0.033203125
0 0.63671875 0.37890625 0.01953125 0.025390625
0 0.658203125 0.4091796875 0.017578125 0.0234375
0 0.6318359375 0.40234375 0.013671875 0.01953125
0 0.6162109375 0.9892578125 0.013671875 0.021484375
0 0.3974609375 0.8291015625 0.013671875 0.0234375
0 0.7216796875 0.0771484375 0.029296875 0.044921875
0 0.291015625 0.5361328125 0.013671875 0.017578125
0 0.294921875 0.5546875 0.013671875 0.021484375
0 0.263671875 0.4814453125 0.01171875 0.01953125
0 0.326171875 0.48828125 0.01171875 0.017578125
0 0.3115234375 0.45703125 0.015625 0.01953125
0 0.3994140625 0.423828125 0.009765625 0.017578125
0 0.3603515625 0.3974609375 0.013671875 0.01953125
0 0.341796875 0.53125 0.015625 0.021484375
0 0.3544921875 0.537109375 0.01171875 0.017578125
0 0.47265625 0.5556640625 0.013671875 0.01953125
0 0.498046875 0.6064453125 0.01171875 0.01953125
0 0.5068359375 0.587890625 0.0078125 0.013671875
0 0.37890625 0.701171875 0.01171875 0.015625
0 0.4140625 0.8076171875 0.01171875 0.01953125
0 0.515625 0.80078125 0.01171875 0.017578125
0 0.4912109375 0.7763671875 0.013671875 0.01953125
0 0.4912109375 0.8173828125 0.0078125 0.013671875