0 0.1669921875 0.3349609375 0.087890625 0.138671875
0 0.1083984375 0.392578125 0.048828125 0.072265625
0 0.0908203125 0.484375 0.072265625 0.111328125
0 0.1640625 0.7431640625 0.060546875 0.091796875
0 0.40625 0.8662109375 0.05859375 0.076171875
0 0.7724609375 0.91015625 0.072265625 0.1171875
0 0.9365234375 0.419921875 0.046875 0.068359375
0 0.609375 0.5791015625 0.056640625 0.09375
0 0.3291015625 0.02734375 0.060546875 0.0546875
0 0.623046875 0.1845703125 0.03515625 0.048828125
0 0.9609375 0.62890625 0.0546875 0.07421875
0 0.7392578125 0.6015625 0.052734375 0.07421875
0 0.6220703125 0.8173828125 0.064453125 0.125
0 0.56640625 0.8935546875 0.064453125 0.10546875
0 0.3447265625 0.6181640625 0.04296875 0.07421875
0 0.2841796875 0.3056640625 0.03515625 0.0625
0 0.21875 0.58984375 0.0390625 0.05859375
0 0.541015625 0.44921875 0.068359375 0.1015625
0 0.2392578125 0.439453125 0.0546875 0.078125
0 0.14453125 0.046875 0.037109375 0.05859375
0 0.0263671875 0.4775390625 0.0390625 0.06640625
0 0.0966796875 0.79296875 0.025390625 0.04296875
0 0.1259765625 0.9404296875 0.029296875 0.017578125
0 0.3857421875 0.9658203125 0.04296875 0.05078125
0 0.42578125 0.9697265625 0.048828125 0.0546875
0 0.6787109375 0.990234375 0.041015625 0.01953125
0 0.8369140625 0.14453125 0.033203125 0.048828125
0 0.615234375 0.314453125 0.037109375 0.060546875
0 0.35546875 0.5302734375 0.064453125 0.072265625
0 0.333984375 0.84375 0.046875 0.080078125
0 0.2734375 0.7880859375 0.041015625 0.06640625
0 0.7236328125 0.896484375 0.044921875 0.076171875
0 0.7939453125 0.6416015625 0.03125 0.046875
0 0.87109375 0.3037109375 0.0390625 0.0625
0 0.751953125 0.4658203125 0.03515625 0.05859375
0 0.6611328125 0.6015625 0.046875 0.0859375
0 0.6162109375 0.3154296875 0.037109375 0.05859375
0 0.6181640625 0.3779296875 0.029296875 0.048828125
0 0.427734375 0.650390625 0.03515625 0.05078125
0 0.4013671875 0.2802734375 0.029296875 0.048828125
0 0.4306640625 0.34375 0.029296875 0.046875
0 0.974609375 0.2626953125 0.05078125 0.091796875
0 0.9052734375 0.2666015625 0.041015625 0.06640625
0 0.3642578125 0.068359375 0.033203125 0.056640625
0 0.23046875 0.3037109375 0.0390625 0.083984375
0 0.8408203125 0.806640625 0.037109375 0.060546875
0 0.8349609375 0.486328125 0.033203125 0.0546875
0 0.810546875 0.30078125 0.05078125 0.0625
0 0.927734375 0.505859375 0.056640625 0.080078125
0 0.87890625 0.44921875 0.033203125 0.048828125
0 0.7734375 0.146484375 0.03125 0.04296875
0 0.7431640625 0.1845703125 0.02734375 0.041015625
0 0.9404296875 0.8818359375 0.015625 0.037109375
0 0.326171875 0.771484375 0.0390625 0.0703125
0 0.1474609375 0.0068359375 0.029296875 0.013671875
0 0.046875 0.7890625 0.02734375 0.041015625
0 0.6650390625 0.962890625 0.029296875 0.037109375
0 0.4052734375 0.474609375 0.03125 0.0390625
0 0.4755859375 0.400390625 0.0234375 0.037109375
0 0.349609375 0.4365234375 0.033203125 0.04296875
0 0.591796875 0.2099609375 0.0234375 0.033203125
0 0.9443359375 0.7021484375 0.037109375 0.052734375
0 0.087890625 0.6982421875 0.03125 0.046875
0 0.7939453125 0.0693359375 0.033203125 0.048828125