0 0.1806640625 0.3837890625 0.07421875 0.1328125
0 0.1298828125 0.4482421875 0.041015625 0.068359375
0 0.123046875 0.5419921875 0.060546875 0.10546875
0 0.2265625 0.7890625 0.05078125 0.0859375
0 0.482421875 0.8828125 0.05078125 0.072265625
0 0.8515625 0.880859375 0.05859375 0.111328125
0 0.9560546875 0.375 0.041015625 0.064453125
0 0.6484375 0.572265625 0.046875 0.08984375
0 0.302734375 0.0439453125 0.05078125 0.0859375
0 0.6162109375 0.1796875 0.029296875 0.046875
0 0.9892578125 0.5791015625 0.017578125 0.068359375
0 0.7802734375 0.578125 0.044921875 0.0703125
0 0.6904296875 0.806640625 0.05078125 0.119140625
0 0.64453125 0.888671875 0.052734375 0.1015625
0 0.392578125 0.642578125 0.03515625 0.0703125
0 0.2939453125 0.341796875 0.029296875 0.060546875
0 0.2626953125 0.630859375 0.03125 0.0546875
0 0.56640625 0.4521484375 0.05859375 0.095703125
0 0.2666015625 0.478515625 0.044921875 0.07421875
0 0.1240234375 0.1015625 0.03125 0.0546875
0 0.0576171875 0.54296875 0.033203125 0.0625
0 0.1669921875 0.8466796875 0.021484375 0.041015625
0 0.4736328125 0.98046875 0.0390625 0.0390625
0 0.515625 0.978515625 0.04296875 0.04296875
0 0.771484375 0.982421875 0.03515625 0.03515625
0 0.822265625 0.1123046875 0.02734375 0.044921875
0 0.623046875 0.30859375 0.03125 0.05859375
0 0.392578125 0.5556640625 0.05859375 0.064453125
0 0.408203125 0.8681640625 0.037109375 0.076171875
0 0.3408203125 0.822265625 0.03515625 0.0625
0 0.8017578125 0.873046875 0.037109375 0.072265625
0 0.83984375 0.611328125 0.025390625 0.04296875
0 0.8759765625 0.267578125 0.03125 0.060546875
0 0.7763671875 0.443359375 0.029296875 0.056640625
0 0.703125 0.5888671875 0.037109375 0.083984375
0 0.6240234375 0.310546875 0.03125 0.056640625
0 0.6337890625 0.373046875 0.025390625 0.044921875
0 0.4775390625 0.666015625 0.029296875 0.048828125
0 0.40625 0.3017578125 0.0234375 0.046875
0 0.443359375 0.361328125 0.025390625 0.044921875
0 0.9765625 0.212890625 0.046875 0.0859375
0 0.9052734375 0.2255859375 0.033203125 0.0625
0 0.34375 0.095703125 0.025390625 0.052734375
0 0.2392578125 0.3466796875 0.029296875 0.08203125
0 0.908203125 0.7705078125 0.03125 0.056640625
0 0.86328125 0.4521484375 0.02734375 0.05078125
0 0.814453125 0.271484375 0.044921875 0.05859375
0 0.9560546875 0.4599609375 0.046875 0.07421875
0 0.9013671875 0.41015625 0.029296875 0.044921875
0 0.759765625 0.123046875 0.025390625 0.041015625
0 0.734375 0.1640625 0.0234375 0.0390625
0 0.3916015625 0.796875 0.03125 0.06640625
0 0.1201171875 0.0439453125 0.0234375 0.048828125
0 0.0478515625 0.00390625 0.029296875 0.0078125
0 0.1171875 0.849609375 0.0234375 0.0390625
0 0.7509765625 0.9462890625 0.025390625 0.03515625
0 0.43359375 0.4951171875 0.02734375 0.037109375
0 0.494140625 0.412109375 0.01953125 0.03515625
0 0.375 0.462890625 0.029296875 0.0390625
0 0.5869140625 0.208984375 0.021484375 0.03125
0 0.9892578125 0.6533203125 0.013671875 0.048828125
0 0.1474609375 0.7548828125 0.02734375 0.04296875
0 0.7705078125 0.04296875 0.029296875 0.044921875