0 0.8310546875 0.388671875 0.0654296875 0.1240234375
0 0.8779296875 0.4521484375 0.0361328125 0.064453125
0 0.8798828125 0.541015625 0.0546875 0.0986328125
0 0.7734375 0.7734375 0.044921875 0.0810546875
0 0.5263671875 0.853515625 0.044921875 0.0673828125
0 0.17578125 0.83984375 0.052734375 0.103515625
0 0.0927734375 0.3544921875 0.0361328125 0.0595703125
0 0.3779296875 0.552734375 0.0419921875 0.0849609375
0 0.7265625 0.060546875 0.0458984375 0.080078125
0 0.423828125 0.1787109375 0.0263671875 0.0439453125
0 0.0390625 0.5478515625 0.0419921875 0.0654296875
0 0.2529296875 0.5537109375 0.0400390625 0.06640625
0 0.3310546875 0.7744140625 0.044921875 0.11328125
0 0.3720703125 0.8544921875 0.0478515625 0.0947265625
0 0.62109375 0.62890625 0.0302734375 0.06640625
0 0.724609375 0.34375 0.025390625 0.056640625
0 0.744140625 0.62109375 0.0283203125 0.05078125
0 0.4619140625 0.44140625 0.0517578125 0.0888671875
0 0.7470703125 0.4755859375 0.041015625 0.0703125
0 0.89453125 0.12109375 0.0283203125 0.0517578125
0 0.9423828125 0.5439453125 0.0283203125 0.05859375
0 0.828125 0.830078125 0.01953125 0.0380859375
0 0.7802734375 0.9794921875 0.02734375 0.041015625
0 0.5322265625 0.9619140625 0.0361328125 0.0634765625
0 0.4931640625 0.962890625 0.0400390625 0.07421875
0 0.248046875 0.9501953125 0.03125 0.052734375
0 0.228515625 0.1083984375 0.025390625 0.04296875
0 0.412109375 0.302734375 0.0283203125 0.0546875
0 0.6240234375 0.544921875 0.052734375 0.060546875
0 0.59765625 0.8427734375 0.0341796875 0.0712890625
0 0.6630859375 0.7998046875 0.0302734375 0.05859375
0 0.22265625 0.833984375 0.033203125 0.0673828125
0 0.1953125 0.583984375 0.0234375 0.041015625
0 0.1728515625 0.2548828125 0.0283203125 0.0556640625
0 0.2607421875 0.4248046875 0.0263671875 0.0537109375
0 0.326171875 0.56640625 0.0322265625 0.078125
0 0.4111328125 0.3037109375 0.0283203125 0.0517578125
0 0.3994140625 0.3623046875 0.0224609375 0.04296875
0 0.5380859375 0.6474609375 0.025390625 0.044921875
0 0.619140625 0.302734375 0.0205078125 0.044921875
0 0.5810546875 0.3583984375 0.0224609375 0.0419921875
0 0.0771484375 0.19921875 0.0439453125 0.0810546875
0 0.1455078125 0.2138671875 0.0302734375 0.05859375
0 0.6845703125 0.1083984375 0.0234375 0.05078125
0 0.775390625 0.3505859375 0.025390625 0.0771484375
0 0.1259765625 0.732421875 0.02734375 0.0546875
0 0.1787109375 0.4306640625 0.025390625 0.0478515625
0 0.23046875 0.2607421875 0.0400390625 0.0546875
0 0.08984375 0.435546875 0.04296875 0.0703125
0 0.1435546875 0.3896484375 0.0263671875 0.0419921875
0 0.2880859375 0.12109375 0.0234375 0.0380859375
0 0.310546875 0.1611328125 0.0205078125 0.037109375
0 0.0166015625 0.7900390625 0.0185546875 0.0341796875
0 0.615234375 0.775390625 0.02734375 0.0634765625
0 0.900390625 0.06640625 0.0205078125 0.0458984375
0 0.9697265625 0.017578125 0.0283203125 0.0341796875
0 0.8759765625 0.833984375 0.0205078125 0.037109375
0 0.2685546875 0.90625 0.0224609375 0.033203125
0 0.5859375 0.4853515625 0.0244140625 0.0341796875
0 0.53125 0.404296875 0.0166015625 0.033203125
0 0.6435546875 0.45703125 0.0263671875 0.037109375
0 0.4501953125 0.2080078125 0.0185546875 0.0302734375
0 0.0439453125 0.6181640625 0.029296875 0.0458984375
0 0.8505859375 0.7431640625 0.0244140625 0.041015625
0 0.2802734375 0.044921875 0.0263671875 0.0419921875