0 0.7451171875 0.24609375 0.0947265625 0.150390625
0 0.84375 0.400390625 0.0400390625 0.0751953125
0 0.7978515625 0.4716796875 0.0595703125 0.087890625
0 0.58203125 0.712890625 0.0361328125 0.0712890625
0 0.4150390625 0.5 0.0341796875 0.0625
0 0.4140625 0.34765625 0.0390625 0.080078125
0 0.4873046875 0.05859375 0.0380859375 0.0732421875
0 0.6494140625 0.2783203125 0.03515625 0.046875
0 0.75390625 0.0908203125 0.025390625 0.0390625
0 0.8818359375 0.1591796875 0.0205078125 0.0205078125
0 0.830078125 0.8388671875 0.04296875 0.0869140625
0 0.8818359375 0.650390625 0.025390625 0.0498046875
0 0.376953125 0.564453125 0.0390625 0.0615234375
0 0.9384765625 0.2890625 0.04296875 0.09765625
0 0.6611328125 0.7587890625 0.0625 0.087890625
0 0.4501953125 0.26953125 0.0390625 0.046875
0 0.140625 0.5458984375 0.0341796875 0.044921875
0 0.2724609375 0.111328125 0.01953125 0.0400390625
0 0.51171875 0.8984375 0.02734375 0.041015625
0 0.771484375 0.6923828125 0.0224609375 0.0419921875
0 0.443359375 0.8193359375 0.0244140625 0.0361328125
0 0.86328125 0.7685546875 0.0322265625 0.068359375
0 0.966796875 0.9462890625 0.05078125 0.0869140625
0 0.0166015625 0.3193359375 0.033203125 0.048828125
0 0.3369140625 0.3447265625 0.0302734375 0.0615234375
0 0.318359375 0.498046875 0.0185546875 0.033203125
0 0.2958984375 0.5263671875 0.0263671875 0.0322265625
0 0.5322265625 0.4833984375 0.01953125 0.037109375
0 0.6318359375 0.5458984375 0.0322265625 0.046875
0 0.9033203125 0.1162109375 0.0244140625 0.0556640625