0 0.2646484375 0.798828125 0.107421875 0.162109375
0 0.1513671875 0.64453125 0.046875 0.080078125
0 0.1943359375 0.5673828125 0.068359375 0.095703125
0 0.400390625 0.302734375 0.04296875 0.076171875
0 0.587890625 0.5107421875 0.0390625 0.068359375
0 0.599609375 0.66796875 0.046875 0.0859375
0 0.5439453125 0.966796875 0.04296875 0.064453125
0 0.361328125 0.7578125 0.0390625 0.05078125
0 0.267578125 0.958984375 0.029296875 0.041015625
0 0.1298828125 0.8974609375 0.0234375 0.0234375
0 0.134765625 0.189453125 0.05078125 0.091796875
0 0.0947265625 0.388671875 0.029296875 0.052734375
0 0.6220703125 0.4404296875 0.044921875 0.06640625
0 0.0615234375 0.767578125 0.052734375 0.103515625
0 0.314453125 0.2607421875 0.0703125 0.095703125
0 0.568359375 0.751953125 0.04296875 0.05078125
0 0.8681640625 0.443359375 0.0390625 0.048828125
0 0.763671875 0.90234375 0.0234375 0.04296875
0 0.4599609375 0.10546875 0.03125 0.044921875
0 0.205078125 0.337890625 0.02734375 0.044921875
0 0.53515625 0.1826171875 0.02734375 0.0390625
0 0.1044921875 0.265625 0.0390625 0.07421875
0 0.0068359375 0.0869140625 0.013671875 0.091796875
0 0.9970703125 0.669921875 0.005859375 0.05078125
0 0.6796875 0.666015625 0.03515625 0.06640625
0 0.6884765625 0.5068359375 0.021484375 0.03515625
0 0.7099609375 0.474609375 0.029296875 0.03515625
0 0.4677734375 0.53515625 0.021484375 0.0390625
0 0.3603515625 0.478515625 0.037109375 0.05078125
0 0.1103515625 0.9443359375 0.029296875 0.05859375