0 0.748046875 0.48046875 0.078125 0.13671875
0 0.9716796875 0.70703125 0.056640625 0.125
0 0.9638671875 0.8310546875 0.052734375 0.0859375
0 0.7294921875 0.7265625 0.072265625 0.123046875
0 0.2333984375 0.654296875 0.32421875 0.60546875
0 0.13671875 0.1103515625 0.041015625 0.0703125
0 0.3798828125 0.248046875 0.02734375 0.05078125
0 0.5859375 0.6484375 0.04296875 0.076171875
0 0.63671875 0.8447265625 0.0390625 0.0625
0 0.5927734375 0.9169921875 0.02734375 0.044921875
0 0.560546875 0.92578125 0.037109375 0.056640625
0 0.4931640625 0.2001953125 0.056640625 0.083984375
0 0.95703125 0.2705078125 0.052734375 0.099609375
0 0.8349609375 0.3701171875 0.033203125 0.056640625
0 0.8447265625 0.2861328125 0.021484375 0.037109375
0 0.8779296875 0.2978515625 0.03125 0.0390625
0 0.5703125 0.3408203125 0.044921875 0.107421875
0 0.9921875 0.544921875 0.015625 0.05078125
0 0.966796875 0.5068359375 0.02734375 0.046875
0 0.83984375 0.7490234375 0.044921875 0.087890625
0 0.7255859375 0.8125 0.01953125 0.0390625