0 0.208984375 0.1796875 0.25390625 0.341796875
0 0.1240234375 0.0576171875 0.052734375 0.078125
0 0.3857421875 0.0625 0.06640625 0.1171875
0 0.439453125 0.05859375 0.029296875 0.05078125
0 0.8720703125 0.771484375 0.0546875 0.09375
0 0.4775390625 0.6552734375 0.072265625 0.12109375
0 0.0966796875 0.51171875 0.072265625 0.126953125
0 0.490234375 0.1494140625 0.0390625 0.048828125
0 0.6357421875 0.7314453125 0.037109375 0.068359375
0 0.17578125 0.6728515625 0.033203125 0.052734375
0 0.5849609375 0.833984375 0.0234375 0.0390625
0 0.748046875 0.298828125 0.35546875 0.59765625
0 0.87109375 0.6181640625 0.056640625 0.083984375
0 0.8701171875 0.892578125 0.033203125 0.046875
0 0.408203125 0.3447265625 0.01953125 0.037109375
0 0.00390625 0.4404296875 0.0078125 0.041015625
0 0.498046875 0.7783203125 0.0546875 0.080078125
0 0.3427734375 0.6806640625 0.052734375 0.083984375
0 0.107421875 0.9423828125 0.14453125 0.115234375