0 0.236328125 0.830078125 0.23046875 0.33984375
0 0.158203125 0.9443359375 0.046875 0.07421875
0 0.4130859375 0.923828125 0.0595703125 0.1103515625
0 0.466796875 0.9267578125 0.0263671875 0.0478515625
0 0.8505859375 0.2109375 0.0498046875 0.087890625
0 0.47265625 0.3447265625 0.064453125 0.1142578125
0 0.109375 0.5029296875 0.064453125 0.1201171875
0 0.5107421875 0.8349609375 0.03515625 0.0458984375
0 0.6220703125 0.2626953125 0.0322265625 0.0654296875
0 0.177734375 0.3427734375 0.029296875 0.048828125
0 0.5673828125 0.1650390625 0.0205078125 0.037109375
0 0.7568359375 0.697265625 0.31640625 0.60546875
0 0.8564453125 0.3603515625 0.05078125 0.0791015625
0 0.841796875 0.0947265625 0.0302734375 0.044921875
0 0.4208984375 0.650390625 0.017578125 0.03515625
0 0.017578125 0.5791015625 0.01953125 0.0400390625
0 0.486328125 0.2236328125 0.048828125 0.0751953125
0 0.33984375 0.326171875 0.0458984375 0.0791015625
0 0.099609375 0.0693359375 0.1337890625 0.1357421875