0 0.826171875 0.78515625 0.287109375 0.3671875
0 0.9248046875 0.8984375 0.05859375 0.083984375
0 0.6611328125 0.9189453125 0.078125 0.123046875
0 0.607421875 0.9296875 0.03515625 0.052734375
0 0.1015625 0.26171875 0.064453125 0.09765625
0 0.5078125 0.3369140625 0.083984375 0.126953125
0 0.9033203125 0.4404296875 0.0859375 0.1328125
0 0.5478515625 0.84375 0.044921875 0.052734375
0 0.3408203125 0.2783203125 0.04296875 0.072265625
0 0.8076171875 0.2880859375 0.037109375 0.0546875
0 0.3818359375 0.169921875 0.02734375 0.041015625
0 0.275390625 0.703125 0.41796875 0.59375
0 0.119140625 0.4150390625 0.064453125 0.087890625
0 0.0908203125 0.1416015625 0.037109375 0.05078125
0 0.6103515625 0.640625 0.0234375 0.0390625
0 0.998046875 0.5029296875 0.00390625 0.041015625
0 0.474609375 0.2158203125 0.0625 0.0859375
0 0.6396484375 0.296875 0.060546875 0.087890625
0 0.845703125 0.0380859375 0.15625 0.076171875